100
1435 1004 226 2539 2305 1477 687 1924 1046 2733 2503 583 1871 312 2929 1 1012 643 565 1827 54 759 2624 2082 2160 1968 741 1503 3 469 1060 1403 2926 634 1911 1918 704 2981 347 1857 1355 1222 1866 318 228 2358 1497 1530 6 2328 301 1668 336 1633 2186 698 1452 2896 439 458 640 2838 1213 2178 1481 1289 2179 412 2702 56 2077 923 1315 820 2744 1994 2057 1848 2172 533 2950 724 918 1177 2917 107 2106 180 2034 516 2401 732 642 33 2092 2996 2605 2527 70 2650
64 35
27 56
22 69
61 75
31 5
49 20
56 8
14 35
58 6
35 22
72 50
59 71
97 54
74 29
80 42
78 75
91 92
11 32
88 79
60 88
8 30
10 18
1 95
2 63
48 53
3 39
89 85
98 81
6 18
100 68
13 31
2 80
50 62
12 74
80 68
3 94
59 94
43 52
85 7
34 76
64 80
48 9
24 99
38 93
98 83
29 96
48 87
21 14
19 34
21 89
40 95
20 69
65 46
65 90
73 84
84 24
36 8
90 23
51 9
61 7
62 79
72 71
34 47
24 4
70 37
91 9
65 67
16 99
28 91
66 83
50 56
58 97
71 55
6 88
86 44
62 22
5 8
71 34
45 40
83 82
52 37
93 4
26 59
29 42
98 42
5 52
67 88
36 41
27 25
11 48
77 7
44 91
98 33
15 5
57 62
72 11
17 57
79 40
30 93
