1000
42543 82952 80609 2891 49550 42337 48548 11459 68894 58030 8042 51641 86998 3939 2080 49176 33110 27076 51015 35291 55316 31391 22362 53695 30943 60574 62520 29625 22414 18121 67264 69198 58696 30316 52452 2632 27050 6461 14171 36349 21345 52001 27793 47757 16641 64251 12301 48514 80994 85967 42867 20618 33977 7715 65772 20061 45497 65386 2267 87024 15637 14593 34060 88590 13294 60801 41625 4787 17692 24877 49629 24841 59232 22877 61842 49696 89080 86108 69125 63558 65463 38829 83924 58300 86157 10908 11968 58639 26424 26364 29533 11465 39023 59393 3306 30914 78690 74525 48254 72877 30027 64143 42331 720 15217 68190 4442 81055 19979 77242 17258 70094 17900 62171 60263 23139 79760 80111 84496 38421 4397 17806 82645 2580 27351 52445 29932 78543 53093 40529 48308 1781 57631 20118 84108 40172 33568 76342 24184 30695 87251 1308 55749 69810 20683 64280 2975 66911 39173 36461 54053 47912 55995 43724 70762 57242 12236 37115 26586 12782 42355 38186 40982 73724 66557 52122 80764 45975 16015 88192 17527 14075 69554 68132 21649 55406 16052 44285 33039 67401 75683 63700 13781 33662 78012 40838 16116 29866 69745 12559 3536 21424 59318 35195 12504 56860 31798 26820 39950 17717 9216 81289 88584 62560 17326 26439 17524 46782 40461 61603 24847 35962 39169 86077 82497 26601 14274 21349 6267 5571 31355 26748 70833 72451 38964 82643 31452 8427 7172 5269 6132 17714 27695 43597 89772 19963 8082 7620 2002 9999 15844 42509 52156 54207 46991 4246 56373 87213 39498 55711 6856 82914 33102 35982 80930 7107 71258 38603 6719 43902 38978 62359 31291 27853 68045 74389 82643 87499 45904 35092 53541 75424 70233 55957 57643 83859 72034 57410 56796 54750 52075 84378 43831 7336 74507 27156 69458 78595 3683 37197 76634 58702 80442 47313 5355 21317 24845 64662 21903 74005 55986 12926 41628 74167 26219 61674 4044 88962 21249 44131 6040 68784 77368 8169 5062 26588 75899 57610 84139 70441 48109 86331 5729 81456 16367 31689 42317 64109 49308 47371 50267 8370 62708 19634 40803 71353 80973 3523 69693 40269 4945 83402 29429 44173 52258 24977 72606 37039 54856 10594 50456 59040 76953 77059 65428 29779 89625 12423 65228 80398 32285 40690 28824 71862 72247 51621 4580 77549 13997 21366 75146 33717 7660 87105 67159 83744 70956 75596 7855 36772 74155 7110 49125 57495 59142 58837 36219 60831 15676 13344 59475 81687 46364 67725 37729 7230 78217 21371 71112 25205 83014 40279 19343 69936 17982 3341 54133 73942 38499 5444 37286 44254 15112 13322 41536 76010 54601 86986 63775 38982 65169 66806 49313 25401 63772 25863 36846 27269 51368 88848 18609 7337 52396 39115 15988 25781 22454 29040 82501 58580 72772 23175 74470 61654 39453 20389 64792 55183 11805 58561 75787 3483 33550 46642 77908 56029 16473 11598 66192 12991 16864 53729 82881 57646 78347 38211 34238 1217 67668 36736 76329 58610 37831 18311 60800 54105 31292 89129 33125 24478 75100 5662 44703 29959 60462 48724 88852 84788 42675 85339 62014 3628 12961 17137 63459 24185 60700 79508 55867 74473 14411 69931 84087 65638 43490 7875 71952 36338 18288 88692 64748 32291 43235 28605 28276 85160 11201 56407 73720 33996 88768 52490 47885 71468 39109 33179 83602 54955 20395 70123 87331 23418 20795 27886 2610 53676 25044 87770 738 51778 64229 30682 2307 7052 28797 80166 56497 70407 62485 53808 71797 7052 78327 51531 59654 59130 81599 17355 28293 37374 81113 50913 36808 27139 77981 23818 8030 4191 26482 39485 35467 11440 53122 65340 40757 71600 26452 58614 58850 84023 31557 177 88600 14223 5861 38742 18601 61119 38378 30563 77839 46730 70818 49396 41648 51358 30554 77259 26049 80693 15626 62756 81204 29030 41472 30225 16735 31021 38662 45186 45812 48856 42097 370 30667 54573 86617 32343 33474 63963 45716 19998 62409 63730 22754 41168 65216 64647 66654 33459 62249 13915 30681 14963 25331 34720 36511 73168 77990 21959 20254 7371 68914 77970 70470 16868 5595 34758 30458 87176 9933 73116 71917 63137 48755 43572 49109 52610 33715 31850 19527 12387 22171 8901 32004 27950 6971 22703 69635 12112 9390 44565 77817 69191 49800 80667 68910 37781 53026 59597 29291 45316 4682 62027 6023 80247 23219 12366 45008 42493 146 30939 18713 67479 24791 11212 75511 53807 71746 24807 36501 16799 58813 27688 69307 36439 76751 40123 53725 89556 59860 75595 85602 31813 18400 48470 48270 64853 51741 81301 3851 9702 26677 2273 23180 81456 49408 45103 75892 14337 9301 88984 9445 2938 24168 44203 38860 77187 13028 15291 4631 3501 18763 73977 22105 7195 60662 29423 34941 1836 56094 22777 71116 62411 3392 35771 17495 36134 1119 6485 75026 26824 4366 49377 61268 45335 86850 24533 20963 89805 84314 33964 28169 65554 15275 79429 1452 80490 84457 7597 28787 79 89465 86939 29798 39168 85452 66877 62443 21779 45676 55235 13278 42729 58857 11500 22090 63483 5082 12254 13274 35952 39259 71396 81031 16651 10983 51340 36163 75756 25023 84810 45360 29370 22282 89894 82801 84761 6683 64305 62437 50880 18615 71437 11168 60199 52709 22446 29179 53327 20288 55668 28872 86565 887 63615 59792 51277 87377 64532 10645 58921 39973 75742 63995 4101 77673 61204 15012 53144 41441 60677 74162 23652 13024 38265 56446 71690 38794 26432 38365 51697 75761 19690 60663 30282 46130 4945 78010 68979 44776 27018 23069 82623 74837 61425 80069 28388 570 61464 34746 41491 23129 52164 75422 25887 78057 26329 38278 46755 4846 77731 19134 32633 47643 78532 55866 51898 77931 56337 42558 48426 28195 44207 28513 82955 19483 67669 23260 3675 45055 25311 44185 46805 13543 88876 34471 10951 9443 64173 81924 15054 81619 30717 9021 53771 39869 86430 56428 26996 50083 45681 2871 75875 64399 33416 76298 83658 12104 50930 41139 68133 23790 3935 8811 64497 53628 13952 445 60236 21691 62020 77763 54921 4292 38862 77624 62496 20240 42442 28861 87594 38710 22411 6887 22761 70513 51952 58953 16891 56734 85469 75530 50101 1573 18282 86117 21294 76693 61922 35007 62944 74059 20104 40272 56312 70634 57473 62810 33751 28084 76910 23613 67115 49144 42092 80179 89868 45647 46491
767 580
396 887
305 996
990 285
789 934
489 836
996 228
446 340
247 801
19 41
346 332
936 524
972 687
426 234
354 775
101 894
456 552
39 203
416 830
682 813
194 686
258 771
661 931
15 651
114 974
74 117
390 636
523 466
628 800
290 444
388 1000
888 681
87 431
924 739
645 631
234 762
508 973
8 789
90 990
618 835
622 836
871 398
677 293
983 176
265 894
316 841
264 111
934 107
3 940
646 773
458 75
971 124
806 820
133 769
755 362
763 547
513 691
60 362
799 168
695 800
275 97
977 856
555 505
290 584
191 599
907 275
293 980
817 386
160 504
209 232
931 932
593 99
618 89
419 159
323 51
440 75
48 237
487 760
230 888
826 800
874 842
167 113
50 594
974 253
98 27
369 40
591 521
561 692
115 556
792 199
661 782
928 852
248 237
86 403
500 28
626 95
215 255
727 780
569 378
606 998
243 120
681 361
949 70
654 476
752 126
779 467
903 183
112 676
696 681
868 937
759 552
477 643
249 548
966 589
148 484
134 613
644 891
122 617
865 68
594 66
848 319
15 662
936 823
382 303
680 512
588 321
927 436
60 463
87 39
878 494
605 858
230 638
285 43
113 243
579 911
598 502
26 544
886 632
796 695
738 831
259 331
928 211
930 576
47 497
802 645
673 340
315 567
411 104
347 303
391 562
366 773
188 838
230 933
451 795
237 722
410 912
61 329
109 634
501 476
125 521
175 121
543 408
563 891
175 240
251 877
113 425
718 937
173 736
458 672
395 369
366 1000
508 29
998 54
180 574
210 126
940 826
975 911
212 282
865 861
379 454
928 582
867 137
805 138
735 197
104 435
242 848
42 708
883 291
588 578
336 105
445 829
200 638
96 17
174 194
534 652
939 753
108 66
233 881
186 926
322 735
103 374
294 802
352 725
529 308
523 425
745 702
882 985
607 820
807 558
239 766
110 2
15 661
553 494
572 770
24 805
595 810
899 164
872 149
713 447
570 717
227 982
304 953
179 580
772 353
383 255
280 505
791 750
947 685
770 818
462 566
803 525
687 289
124 599
816 145
801 767
862 44
679 367
872 536
689 450
144 432
186 67
979 936
332 787
938 501
824 217
662 244
523 608
712 570
360 473
747 794
867 173
713 85
413 271
934 233
645 579
874 721
288 433
755 913
883 537
269 594
71 845
789 804
850 479
93 439
420 642
510 582
380 579
368 940
611 130
126 830
534 496
307 502
248 438
709 615
407 941
475 94
535 896
200 531
276 149
592 539
588 698
690 182
775 219
298 475
619 457
179 609
859 600
565 215
792 746
80 993
493 928
478 743
333 847
680 202
118 319
351 610
989 315
574 876
5 781
467 715
193 711
363 224
217 55
2 207
559 329
780 277
425 673
301 355
434 201
584 287
317 808
526 200
669 722
267 788
527 346
110 406
785 829
146 602
854 454
875 796
572 492
243 518
834 896
856 813
731 934
797 926
155 312
906 824
673 880
783 363
342 809
699 27
730 975
585 186
856 763
202 612
105 237
610 130
191 950
673 750
364 691
325 7
897 832
471 164
150 747
279 201
438 176
384 346
517 237
606 943
989 65
919 393
877 587
76 231
863 221
75 80
523 22
856 495
83 429
143 198
36 210
701 672
205 116
598 20
376 557
812 836
822 436
129 663
825 222
822 758
284 989
930 222
30 470
303 827
46 514
797 281
11 219
149 12
664 55
915 273
733 759
971 828
9 503
272 268
640 254
419 740
629 757
141 307
41 873
169 363
862 85
358 387
139 194
436 754
214 105
864 645
69 874
644 632
112 953
345 11
358 597
484 550
55 456
250 10
945 601
741 33
591 550
986 115
370 973
45 699
519 474
106 842
551 335
542 727
510 869
225 706
920 834
224 821
584 184
569 975
223 710
96 266
658 622
858 62
403 481
1000 460
412 53
375 722
669 660
416 960
371 646
467 615
465 684
586 69
422 872
627 949
880 153
255 943
243 190
601 986
123 569
282 208
192 498
143 257
280 397
204 762
921 634
999 297
175 926
498 455
601 896
936 688
229 220
489 260
846 96
688 830
921 491
831 756
169 987
584 262
505 32
724 844
227 299
935 626
21 462
966 672
318 855
544 100
631 790
160 707
857 900
469 236
229 774
916 332
302 144
405 176
506 841
163 223
459 443
722 81
728 389
910 467
137 623
683 222
128 439
537 121
685 56
159 941
756 570
782 222
374 597
165 188
586 499
350 377
312 706
101 840
769 572
538 478
621 20
904 783
519 341
865 727
135 158
615 593
700 899
139 922
125 416
425 761
59 19
401 358
694 843
119 920
252 134
507 480
764 464
30 801
610 15
817 583
66 149
374 338
649 154
914 257
687 232
571 957
805 206
944 121
38 44
227 978
513 856
127 29
242 767
697 583
477 991
416 15
969 170
7 707
875 233
228 648
106 797
967 847
530 261
982 337
164 136
753 876
206 412
432 42
350 415
232 52
775 965
616 323
251 376
637 721
369 39
549 249
11 338
195 700
617 592
262 150
910 904
678 126
868 911
136 577
770 188
88 204
595 952
754 824
415 696
776 633
882 23
909 163
263 272
430 680
112 999
666 213
374 839
224 957
434 357
766 125
956 737
376 959
564 376
226 673
717 520
696 500
344 778
815 993
228 381
989 766
54 511
398 917
39 238
872 6
324 798
458 832
270 306
510 25
293 197
775 674
68 467
650 302
361 166
235 889
130 135
366 390
5 152
692 690
765 478
543 142
949 828
445 675
266 283
21 271
4 261
261 919
533 155
379 815
968 595
8 584
13 807
310 258
567 365
336 296
177 200
55 550
236 413
134 69
561 961
197 100
231 320
756 58
516 450
983 90
717 706
523 392
19 71
335 421
102 885
144 744
584 140
889 908
624 404
80 112
787 489
746 933
484 221
311 933
476 221
997 468
971 426
701 950
172 115
786 621
197 581
395 955
575 83
890 152
990 743
151 946
453 312
705 614
224 864
734 546
33 977
479 156
840 766
810 777
388 895
643 142
755 152
642 423
670 875
486 920
329 143
661 870
726 618
737 272
607 970
749 308
168 668
229 820
31 394
680 246
196 923
111 783
810 317
49 65
245 611
817 106
206 458
771 500
341 6
249 986
925 181
981 256
162 900
207 958
457 675
213 66
320 329
940 604
553 64
372 878
655 30
137 13
663 807
790 281
334 628
216 79
91 720
236 266
450 806
147 562
123 969
317 232
671 732
995 72
993 410
389 560
659 394
793 457
901 928
994 381
718 504
876 857
279 749
108 333
698 647
436 703
806 855
205 319
366 148
111 769
461 41
377 468
457 906
693 782
897 617
992 654
879 345
620 61
509 879
402 893
364 790
981 306
934 318
751 574
602 104
482 671
744 288
671 220
432 417
747 14
232 308
410 553
131 187
889 648
656 925
884 91
545 840
218 690
598 202
399 492
174 69
307 448
546 425
745 313
490 777
336 300
728 318
911 350
867 468
24 587
704 213
551 716
649 864
428 596
739 535
198 571
37 196
289 326
257 761
314 724
185 553
641 577
23 100
905 723
176 561
349 499
697 554
976 262
798 843
360 632
267 491
899 282
278 503
147 327
638 568
35 701
625 551
714 696
192 639
735 292
729 283
773 725
77 136
999 424
594 400
336 418
735 301
121 496
225 104
974 205
364 432
109 831
193 583
439 15
125 657
853 949
518 442
667 707
909 82
942 208
488 212
34 587
347 586
737 859
318 328
259 970
280 56
695 330
969 701
538 795
420 756
892 641
100 919
73 782
942 420
719 370
484 522
137 233
249 559
988 181
740 840
684 112
485 58
9 295
438 11
207 186
409 702
843 251
57 837
239 145
745 514
954 783
396 846
929 444
306 264
685 784
828 250
546 273
333 898
189 86
241 767
903 943
64 78
274 654
661 844
483 719
738 710
94 711
786 468
201 955
768 867
787 318
990 205
640 657
865 356
996 67
952 402
857 252
626 132
504 1
296 902
937 567
419 948
115 181
16 747
389 272
834 373
990 276
564 603
828 515
665 996
108 91
951 563
719 496
44 631
147 721
61 308
717 805
573 328
353 110
441 182
860 336
69 98
426 452
830 236
279 100
545 403
341 540
588 35
74 86
858 880
742 260
861 348
283 918
330 428
455 63
748 412
980 286
792 575
309 813
814 866
841 367
664 31
930 168
681 427
833 916
229 398
94 414
757 673
363 131
323 829
606 634
388 907
411 995
796 9
809 819
996 5
71 606
142 792
339 815
363 335
811 748
528 133
336 803
90 911
301 192
203 590
571 964
626 461
785 92
897 171
196 80
506 787
537 630
633 318
963 47
851 446
310 849
359 971
837 815
999 472
541 758
404 723
809 250
982 233
459 792
751 532
298 632
343 962
343 543
37 151
984 533
41 905
150 885
863 835
487 860
778 73
517 497
157 737
280 98
84 684
764 667
480 548
705 531
385 729
635 563
869 366
437 564
866 147
369 18
351 653
802 156
731 161
449 923
178 241
514 959
556 79
