100
95 19
36 23
30 40
83 86
40 89
13 61
83 14
25 54
78 46
43 75
56 85
21 64
71 3
70 63
78 39
42 5
61 18
32 58
97 50
100 88
63 89
92 59
18 44
96 76
76 64
53 85
21 55
12 52
45 8
87 83
26 19
6 17
58 57
75 94
33 90
35 6
73 27
15 45
86 99
37 76
1 9
29 49
98 24
10 34
71 42
48 12
67 62
13 72
48 80
28 83
63 12
35 80
83 93
11 32
79 68
41 83
59 84
46 43
53 90
56 1
78 74
15 43
13 88
51 92
5 73
16 4
83 66
25 61
64 19
78 31
67 33
36 82
94 57
21 29
29 50
68 47
8 24
2 83
22 96
7 68
54 91
3 52
36 27
26 65
99 17
44 77
29 7
4 62
38 64
11 77
84 16
70 60
20 9
81 69
51 30
20 81
47 13
68 34
60 24
