203
194
282
233
248
186
231
187
232
193
218
225
192
248
218
248
184
248
272
182
248
258
240
202
219
194
248
215
235
222
229
248
261
185
197
224
214
248
224
264
183
229
195
273
199
228
205
203
184
241
213
188
275
248
206
202
259
248
183
189
255
248
248
284
263
200
237
199
195
248
248
194
212
219
257
214
200
252
196
193
223
209
266
221
198
178
260
217
248
196
248
276
205
248
235
191
248
248
226
226
223
248
226
190
248
225
185
202
198
212
212
191
187
179
227
207
184
248
215
180
213
234
269
210
197
229
243
189
248
249
223
181
233
245
228
210
248
193
215
279
228
211
195
231
286
216
248
248
256
209
221
191
281
234
204
229
208
220
246
188
230
239
287
219
201
198
254
213
186
248
248
225
203
248
262
248
190
253
206
248
227
182
248
280
224
201
230
270
220
211
187
192
205
214
248
189
267
177
209
222
236
199
182
248
248
238
248
180
220
186
248
208
299
211
248
266
268
226
200
285
265
248
179
180
199
222
208
204
216
176
248
248
214
183
190
248
178
226
206
216
277
237
213
278
248
244
177
248
196
207
176
248
271
221
178
232
250
236
226
201
205
226
248
197
217
192
217
274
181
249
248
248
200
228
179
177
181
226
218
204
207
198
176
185
248
248
248
242
248
247
251
283
227
230
228
248
188
226
250
210
