300
270 105
213 67
143 79
227 82
73 168
1 155
260 24
26 80
270 27
151 200
55 193
218 181
69 249
190 111
267 240
61 149
74 209
242 258
270 16
243 110
133 154
252 270
270 54
111 121
270 171
85 45
29 154
128 177
270 204
238 106
186 273
50 288
241 92
167 61
194 119
161 7
136 82
228 173
256 7
294 31
172 36
109 68
223 237
208 223
103 12
103 293
221 216
261 55
76 121
49 41
207 270
291 78
80 266
202 166
84 30
260 66
235 60
84 209
158 151
203 234
44 19
32 270
172 298
86 247
279 25
222 270
284 49
20 41
270 102
226 131
120 275
271 270
202 273
131 185
127 246
129 270
251 276
38 270
185 12
205 270
257 291
144 187
274 181
117 234
56 48
270 299
90 125
187 156
152 104
35 79
208 277
184 153
72 10
179 47
29 258
270 296
292 3
194 51
217 197
34 210
257 130
188 123
197 216
269 203
270 118
44 268
55 250
295 156
300 214
262 181
20 132
35 166
165 108
181 100
7 294
22 57
123 217
106 39
13 152
132 224
200 101
94 270
288 127
122 95
244 241
225 282
139 229
270 215
247 283
66 68
159 290
37 168
270 248
270 71
244 140
98 290
270 285
270 63
189 254
1 108
279 88
181 99
43 26
254 226
72 69
181 278
53 92
159 134
229 88
107 17
197 83
297 60
219 165
161 42
292 64
40 221
81 39
212 250
293 295
184 140
126 141
31 46
114 224
253 19
78 178
162 23
270 183
47 155
225 219
188 253
240 119
33 87
15 265
270 245
199 300
264 109
115 46
87 57
231 270
89 270
120 269
130 5
213 163
158 164
113 297
256 133
270 211
138 192
30 81
169 107
157 116
268 53
263 270
162 206
98 270
293 238
113 6
270 70
281 179
110 142
95 201
270 232
8 52
67 201
237 276
270 137
114 255
90 43
101 36
65 40
76 139
142 124
293 298
125 282
59 182
134 246
242 206
277 182
18 270
117 34
190 136
270 58
33 175
284 6
176 270
270 21
86 275
8 210
186 56
249 264
233 119
214 73
48 280
196 52
138 2
24 173
50 23
13 10
228 93
77 165
289 270
261 280
75 149
287 270
270 180
299 291
74 11
11 267
4 9
144 9
128 160
164 15
191 160
239 116
96 235
259 181
104 196
274 42
91 270
294 126
286 270
143 2
175 65
126 135
124 150
25 189
167 178
146 28
270 97
270 170
146 265
243 233
77 45
270 62
270 147
122 4
272 270
270 14
28 37
150 157
212 199
75 22
174 270
227 281
198 230
3 153
239 93
64 220
255 198
236 270
145 163
177 112
59 17
112 266
192 96
195 270
145 220
191 169
270 148
