718
781
737
802
755
827
806
730
794
742
762
778
806
778
768
835
853
830
753
739
784
740
796
819
845
833
747
761
816
762
796
747
813
783
732
788
760
834
856
828
759
719
722
838
758
798
760
799
800
779
831
798
784
836
739
805
737
748
741
745
772
855
847
771
763
771
842
751
812
744
768
785
738
833
806
750
739
769
734
748
723
772
792
734
758
758
827
748
729
721
828
808
804
782
729
848
848
731
823
765
770
855
810
759
745
858
791
766
736
805
815
832
804
730
832
732
826
734
731
782
843
812
835
762
734
797
787
803
767
728
829
823
756
758
808
727
809
807
817
744
844
787
793
757
794
770
761
825
810
736
774
813
797
814
843
743
768
786
743
770
730
734
854
820
778
759
740
800
826
850
783
758
769
763
829
739
755
838
839
741
773
757
817
767
778
813
797
841
731
734
785
828
831
818
721
786
767
736
759
810
805
760
800
805
763
808
762
819
845
762
782
801
833
762
766
760
802
748
824
763
851
766
840
723
761
767
851
817
854
799
789
753
755
809
759
838
771
796
815
784
816
743
768
740
770
730
760
819
841
781
762
803
789
783
802
800
793
741
803
729
764
839
802
727
736
761
759
851
720
769
791
793
790
733
718
830
830
829
757
857
804
798
736
792
813
832
760
761
770
739
832
765
791
852
755
759
775
759
760
756
740
779
820
769
841
841
757
726
788
807
757
836
845
745
738
789
760
759
780
760
783
782
848
781
771
771
743
850
808
758
777
769
747
769
732
774
814
823
728
734
744
794
720
805
793
773
739
745
747
849
832
732
748
787
808
830
792
738
755
768
728
719
842
777
833
790
719
732
830
724
817
803
768
770
784
782
801
753
740
726
794
828
850
756
759
776
784
796
730
770
743
758
792
786
818
811
764
752
855
850
742
792
729
758
807
850
733
786
741
798
809
791
845
808
735
806
843
733
770
726
805
754
764
818
769
768
775
724
749
807
842
767
831
776
752
821
743
854
757
756
785
798
777
725
770
742
780
846
731
834
768
761
783
794
767
740
773
759
813
795
741
805
776
833
818
729
764
855
804
757
765
806
788
731
806
801
775
728
766
768
730
747
722
733
795
732
735
770
730
731
809
834
803
759
780
787
806
807
751
739
760
832
843
801
722
735
829
829
816
758
728
789
749
755
781
795
743
738
765
738
808
817
808
756
822
785
840
733
768
774
784
781
817
734
767
849
765
762
744
791
764
763
809
793
797
788
737
749
759
835
825
765
792
738
734
809
771
769
836
732
822
770
847
806
732
789
729
836
746
776
783
793
769
739
772
725
822
797
761
755
784
737
813
770
774
738
782
807
733
842
784
785
793
803
725
851
787
772
788
745
803
776
852
789
780
765
796
721
725
777
831
780
728
735
741
852
823
783
737
804
755
818
735
761
778
840
792
788
801
753
754
725
846
720
855
742
741
803
812
785
772
728
769
734
854
810
744
746
768
724
805
772
821
822
730
779
731
727
801
729
834
804
756
834
765
763
737
763
733
776
784
720
768
743
760
725
763
842
775
767
734
801
731
780
738
807
835
799
758
754
788
806
747
737
742
820
782
807
856
839
821
756
783
723
724
721
834
788
795
732
782
781
844
759
840
797
769
733
755
857
759
746
796
771
731
844
741
798
793
735
730
793
740
785
758
729
795
843
792
796
772
748
733
733
803
730
766
725
858
756
822
761
808
756
733
854
830
831
842
743
794
726
761
782
744
729
761
851
851
738
814
764
824
742
778
822
817
766
788
772
755
835
846
735
750
761
733
769
779
819
799
727
796
766
729
724
787
725
762
801
727
726
764
736
784
734
764
720
759
849
741
779
746
786
854
757
766
777
816
809
812
820
775
725
817
790
853
851
811
726
804
745
823
727
740
821
800
751
854
805
800
803
783
773
807
778
732
812
736
767
844
786
758
819
757
781
790
797
761
737
830
811
740
851
796
730
811
820
740
837
853
815
739
828
729
733
744
846
720
850
842
747
828
773
829
746
728
782
831
744
835
804
764
771
850
733
762
758
743
828
797
797
733
752
758
793
794
837
850
838
763
777
785
735
791
769
834
819
856
775
722
768
779
796
728
770
762
857
772
781
786
838
742
727
755
720
731
840
802
807
830
768
847
746
732
731
819
836
774
811
764
844
846
736
737
761
774
773
820
825
810
847
821
827
759
800
764
773
724
731
831
749
830
763
762
773
790
787
851
829
759
782
742
841
789
774
843
724
820
727
732
794
767
785
760
724
737
763
792
759
