1000
732 907
827 645
444 420
655 403
411 753
78 373
982 515
467 537
88 972
991 946
639 396
919 468
938 179
785 68
434 443
233 384
784 79
726 155
513 58
751 338
555 744
293 857
969 595
872 509
344 13
500 869
583 122
851 313
770 77
717 922
884 61
232 435
513 76
870 312
869 258
569 482
661 26
142 628
15 425
231 826
175 91
642 403
523 940
351 51
185 331
128 113
280 919
459 154
340 614
219 551
439 300
421 281
856 982
865 709
907 345
328 350
941 278
189 847
575 325
291 365
763 207
417 952
784 265
361 260
348 647
430 753
739 906
148 773
238 716
643 562
285 154
631 232
158 797
89 481
946 8
600 648
349 353
297 151
76 429
225 995
492 782
676 705
180 446
646 950
417 67
258 695
424 947
629 263
190 914
926 237
677 30
340 743
997 849
681 755
698 416
36 231
791 256
891 707
147 216
113 493
963 989
188 527
501 288
785 548
299 104
754 719
99 561
948 908
1000 317
275 362
897 859
654 436
986 457
691 231
151 844
635 229
620 421
52 791
271 553
396 200
299 225
767 927
952 738
953 209
726 987
190 903
742 429
13 498
616 979
442 902
859 37
419 894
303 653
506 555
75 462
9 729
236 700
397 668
4 377
836 654
595 308
821 459
586 619
249 431
611 973
655 567
434 823
763 202
589 340
864 895
564 686
750 470
186 771
695 615
655 490
552 541
18 889
783 943
787 84
38 687
792 339
53 913
138 692
874 508
103 950
288 317
98 991
930 211
385 86
824 988
808 195
818 670
623 644
496 708
160 270
584 558
164 836
359 690
697 453
934 420
205 467
616 596
878 413
510 809
855 524
792 308
397 174
121 726
914 109
394 640
955 518
686 329
856 319
163 62
349 722
329 491
477 949
185 789
971 941
970 731
418 340
353 548
293 999
47 318
293 826
432 922
910 870
376 712
916 926
116 876
374 237
72 387
953 943
825 509
290 685
567 887
643 529
487 198
730 150
806 718
327 765
63 97
240 843
466 655
138 414
962 878
19 690
980 382
173 289
680 942
910 700
598 66
213 917
199 216
777 465
410 688
351 213
48 837
939 252
122 867
270 649
242 765
72 158
233 631
829 149
452 210
198 623
455 15
252 469
333 648
738 759
617 776
82 237
166 287
692 110
261 537
429 218
734 591
616 871
534 730
381 257
658 925
834 380
932 262
633 313
951 677
64 245
253 366
823 957
921 90
612 515
797 408
304 584
534 274
360 573
875 746
277 611
722 348
523 310
485 31
482 886
983 637
695 391
395 24
717 488
913 158
559 687
630 422
741 958
790 303
898 981
958 575
268 328
423 65
129 817
655 260
918 822
524 5
619 954
251 225
12 912
856 447
610 846
273 604
107 739
297 434
87 883
172 549
657 161
157 226
870 559
54 908
247 458
846 923
904 630
146 237
889 369
566 826
60 648
503 431
469 462
347 358
96 563
496 814
749 720
76 972
688 282
283 547
436 959
29 825
405 521
893 220
215 184
336 968
87 117
635 815
12 818
655 660
668 897
573 157
355 820
305 678
173 426
470 440
574 520
99 577
10 409
414 556
254 587
822 836
650 609
57 150
326 584
131 757
871 229
549 299
924 126
159 539
378 422
811 695
602 818
278 40
998 967
860 109
672 42
935 750
315 77
964 169
158 592
597 691
289 724
516 342
588 329
916 673
963 561
193 351
799 65
3 520
393 915
565 669
242 10
588 472
517 890
115 758
706 505
192 175
590 987
239 241
504 217
512 473
342 572
68 398
773 132
599 231
46 126
969 81
749 280
169 551
536 400
748 762
172 439
852 191
263 800
842 620
101 425
613 766
183 465
494 995
461 446
265 667
332 245
779 566
820 523
166 735
703 982
171 805
377 841
244 727
399 699
486 970
154 872
786 210
298 45
528 710
432 222
516 31
123 917
764 843
195 269
35 669
121 363
135 820
487 118
736 389
139 622
285 639
204 497
624 975
316 826
983 437
465 947
413 141
246 946
383 227
671 453
793 578
512 977
774 242
96 350
53 34
97 943
577 653
96 962
586 873
828 294
21 72
809 47
503 851
890 600
228 194
294 768
417 881
578 388
227 616
211 34
899 70
84 669
520 694
112 611
896 555
39 928
250 322
237 445
90 672
49 688
78 160
220 251
85 41
607 187
196 127
481 189
195 343
177 750
110 662
206 411
539 105
574 554
89 339
256 377
62 438
791 46
594 620
520 547
464 492
689 816
80 513
208 822
674 341
458 392
795 511
519 222
638 662
475 588
418 486
485 9
880 769
407 118
306 881
364 846
991 903
925 136
574 869
208 622
454 593
829 639
27 80
701 868
817 537
498 753
201 892
42 1
617 219
79 484
169 960
394 597
61 557
312 16
74 450
433 502
656 625
894 390
444 796
401 517
187 31
632 830
987 678
994 931
920 463
92 556
947 868
116 683
614 954
605 789
923 775
83 257
528 352
938 306
536 323
831 372
862 69
426 197
490 746
412 284
833 773
924 737
352 490
852 526
114 474
843 711
454 460
70 60
321 120
442 187
222 552
925 660
460 607
869 873
99 219
675 296
726 209
117 148
663 580
982 2
522 622
837 212
493 217
49 629
941 980
346 336
600 341
442 48
819 183
976 949
799 752
210 205
324 888
286 365
75 686
511 990
961 137
282 545
579 214
337 111
128 255
204 831
721 216
802 676
384 279
638 4
463 477
82 884
928 699
780 976
979 170
366 915
944 105
427 386
415 198
747 184
480 850
198 582
94 321
674 636
831 745
689 318
608 634
449 389
761 737
476 168
698 521
824 802
904 499
95 161
386 679
601 113
478 795
606 803
71 425
866 490
593 999
813 882
165 50
830 801
74 502
23 126
264 361
244 77
786 675
180 379
30 147
628 231
150 506
647 437
43 224
188 67
102 919
868 248
974 967
351 889
900 964
725 560
814 441
451 173
943 448
944 482
196 734
182 134
470 702
1000 134
778 292
703 581
491 200
266 251
613 834
538 974
569 832
108 432
254 671
159 446
257 627
444 996
835 811
489 449
443 775
287 266
112 74
32 742
659 217
850 479
621 422
84 614
123 559
12 302
993 649
810 880
971 861
381 906
62 645
133 144
715 305
860 554
613 801
400 828
452 247
179 178
462 93
900 175
522 241
805 994
701 751
771 872
525 617
359 750
44 700
465 371
871 294
517 933
129 794
230 837
823 336
709 145
201 497
953 25
576 420
470 735
883 278
532 697
521 411
334 419
483 195
634 362
578 52
863 727
611 356
9 143
501 298
975 220
167 409
901 723
604 546
240 592
911 541
93 259
986 884
671 526
73 500
666 803
612 923
668 11
496 931
111 241
319 302
486 474
365 707
282 716
449 565
186 848
488 325
693 80
187 740
401 59
948 550
663 470
603 221
276 175
300 621
682 203
562 64
336 181
473 127
843 376
633 943
325 101
844 598
854 989
879 367
716 865
936 195
572 553
293 977
988 224
744 945
476 939
691 797
654 132
144 735
330 311
876 681
119 710
724 652
458 853
215 100
223 984
572 284
218 333
708 604
421 7
771 33
971 291
845 92
410 153
768 406
471 951
626 306
855 754
714 317
232 398
882 742
145 544
391 70
215 471
647 760
272 402
857 985
766 866
268 603
570 912
331 463
507 276
574 518
156 539
772 552
568 870
83 540
41 287
495 930
997 315
765 314
993 778
315 57
234 149
214 911
368 876
965 320
450 782
891 661
806 528
762 834
535 71
583 337
556 646
113 651
290 733
436 696
235 287
700 223
732 357
961 862
812 14
961 543
956 251
178 908
656 495
757 889
127 852
334 942
385 320
981 905
505 608
600 877
81 921
929 346
937 368
966 629
519 967
212 263
115 464
847 484
17 163
526 375
107 273
514 754
312 782
914 125
9 272
961 411
804 955
25 713
101 573
62 39
47 859
326 780
741 894
508 277
603 864
322 843
898 307
33 69
571 387
200 820
947 194
230 728
379 347
905 279
250 684
295 754
181 641
958 530
651 472
682 217
806 487
606 108
116 657
456 409
986 679
839 62
321 21
335 418
91 6
76 499
320 859
981 202
466 130
71 129
618 21
460 907
413 952
756 102
447 812
318 330
838 904
154 152
47 267
427 585
922 184
381 737
404 235
911 927
590 984
642 934
795 731
64 652
664 891
205 124
950 122
973 885
788 101
940 7
844 652
704 483
928 106
542 772
301 615
733 637
622 533
22 811
219 338
262 223
324 605
718 560
989 24
824 370
427 530
648 314
505 704
497 940
479 665
536 97
769 603
818 386
727 10
546 354
55 863
482 88
901 46
309 604
50 447
888 171
609 830
807 100
975 28
611 276
20 22
480 304
404 855
526 581
428 609
167 176
667 685
879 608
603 17
762 798
397 471
472 56
586 582
557 160
891 54
263 842
471 893
749 106
990 802
781 524
288 214
424 825
779 978
665 423
393 593
623 162
7 840
681 415
531 913
314 140
243 717
207 65
909 268
442 858
460 992
635 919
704 705
