1000
560 843
629 959
798 192
607 236
154 931
95 528
936 232
817 911
973 355
36 811
305 146
206 435
489 889
761 222
61 425
978 611
905 286
492 410
19 226
75 711
509 331
1000 420
861 735
217 373
900 218
978 468
987 28
471 640
929 242
757 869
974 221
14 615
336 745
325 875
444 848
181 828
265 512
970 595
660 488
761 825
755 967
742 164
772 384
294 256
859 420
968 361
366 222
320 259
111 702
347 380
690 622
198 13
997 740
306 164
983 831
991 699
253 279
185 525
961 559
794 807
637 246
425 407
808 898
424 597
914 73
463 724
129 617
767 302
112 903
901 147
164 896
933 700
28 496
72 437
612 180
222 187
152 875
859 304
683 848
129 524
647 331
265 202
527 974
38 294
401 350
79 919
262 190
682 749
255 892
301 80
364 632
505 424
45 51
47 632
235 974
873 661
379 699
784 209
368 543
29 867
517 76
934 55
666 739
958 267
215 996
806 948
897 845
903 850
776 130
105 956
724 88
317 529
676 71
271 608
438 130
133 42
820 579
781 663
684 337
56 279
803 114
658 465
931 683
388 702
21 769
279 787
171 900
635 1
259 718
993 523
538 307
416 42
730 454
687 827
108 923
130 1
917 539
381 851
120 89
653 223
824 982
134 86
939 592
687 839
645 652
844 288
256 11
690 221
460 561
112 195
291 121
14 552
996 157
57 346
904 758
873 141
143 82
87 617
590 550
957 823
238 557
618 290
369 699
497 719
313 356
695 754
650 601
949 890
223 267
389 715
325 892
312 912
903 281
736 720
375 876
157 633
516 668
848 394
965 118
479 130
13 220
797 809
406 661
541 449
587 663
928 401
783 976
372 987
45 298
815 81
374 585
180 285
841 892
42 178
420 22
846 570
721 672
703 583
27 97
334 988
253 709
513 503
845 106
17 289
374 130
427 428
683 200
324 665
274 370
752 352
454 600
752 490
811 296
287 272
782 794
579 411
389 420
147 66
192 504
162 899
37 914
424 480
780 886
479 695
805 45
893 427
107 13
445 864
850 172
270 845
460 800
920 808
790 376
133 942
868 595
469 503
26 978
996 634
460 928
581 663
399 919
468 187
445 683
819 327
923 960
560 988
654 49
736 930
155 249
312 504
707 769
868 568
486 617
207 358
654 952
431 374
62 459
996 96
450 278
790 734
272 74
860 318
966 719
76 731
714 871
64 886
133 219
520 533
931 944
460 881
282 275
519 793
335 255
523 721
343 467
115 138
679 509
121 58
689 500
348 133
988 849
965 802
373 406
118 329
929 759
826 475
415 729
277 1
327 858
842 719
42 757
535 936
415 918
435 336
83 733
702 414
317 669
790 33
479 979
833 99
828 155
354 42
866 907
253 752
988 767
474 695
507 166
312 82
258 283
953 785
309 295
900 687
426 580
638 336
866 544
939 118
903 603
137 279
848 269
325 733
94 321
896 672
396 79
202 925
205 596
279 770
576 860
271 663
908 223
70 367
898 563
404 124
683 282
124 939
969 901
831 3
507 153
792 757
327 594
470 293
1 721
14 614
602 512
117 98
456 392
76 434
673 230
471 239
750 127
266 529
675 684
163 712
726 831
880 332
856 207
78 895
570 684
255 81
74 248
473 289
958 315
987 617
808 546
781 947
533 790
300 108
135 714
223 301
596 791
957 222
88 719
281 833
813 581
98 462
647 158
732 436
65 866
129 148
76 808
147 308
311 389
277 96
322 352
68 456
699 147
623 257
597 536
801 744
59 237
618 147
202 604
161 596
451 682
547 427
779 424
719 1
545 493
91 471
165 899
765 211
295 529
714 471
223 1
232 457
238 845
194 717
140 447
990 714
489 617
429 358
683 888
321 951
739 874
530 166
807 448
436 9
391 312
575 943
574 978
332 931
386 757
74 861
532 459
244 282
246 525
146 919
250 979
801 998
147 1
489 938
479 253
181 12
676 747
613 434
812 566
838 485
7 712
362 501
31 17
96 506
230 816
455 854
621 845
149 376
231 674
811 358
160 840
456 576
716 251
255 551
280 444
359 527
518 13
589 76
577 578
363 938
54 729
409 505
601 878
53 576
388 778
115 996
443 652
975 352
186 130
312 270
259 981
615 555
727 620
160 999
712 59
214 716
760 167
870 523
52 27
129 649
35 914
464 177
581 903
806 476
30 86
760 542
708 764
486 508
875 120
727 641
154 470
976 836
371 377
777 478
1 617
101 919
667 581
319 246
961 446
433 494
436 373
189 550
698 533
228 755
950 591
245 81
952 862
185 624
904 859
44 696
546 580
850 60
541 277
74 801
414 655
331 691
277 74
72 499
378 179
371 972
940 738
458 130
1 903
714 319
484 187
903 179
525 583
358 832
656 387
906 927
850 738
289 208
772 854
793 713
992 43
447 81
360 118
549 200
390 133
593 836
13 276
830 1
154 151
129 351
402 475
387 403
134 1
739 383
112 853
333 340
230 968
330 956
130 933
42 39
424 482
5 583
688 807
865 755
194 18
950 702
699 502
985 898
262 257
132 1
796 630
434 492
863 465
4 771
727 420
810 733
702 743
310 327
941 854
595 792
277 900
209 401
467 281
424 274
41 708
923 850
64 400
381 731
365 683
57 253
256 576
328 32
575 460
206 443
961 194
424 721
331 746
200 906
112 427
944 77
514 72
184 479
934 525
14 850
795 682
417 581
438 882
7 995
421 292
225 803
278 255
644 213
924 224
21 247
511 562
81 188
606 19
679 835
553 247
279 921
572 656
967 956
656 702
339 480
223 341
412 206
581 216
896 526
587 662
85 765
200 202
40 478
134 959
265 233
238 90
445 968
281 29
731 466
340 765
537 227
630 93
439 465
256 24
581 47
790 226
566 294
729 663
739 664
337 980
767 286
822 945
582 968
913 475
261 421
277 383
678 541
319 894
96 123
806 277
294 23
255 114
180 100
807 122
766 546
325 353
731 610
186 642
710 613
441 242
434 355
857 106
263 108
459 762
4 78
176 711
845 651
774 289
805 887
554 448
734 268
397 792
996 240
765 596
903 683
231 896
751 48
821 397
909 303
253 844
899 223
1 765
45 423
303 702
46 273
693 21
433 870
666 174
340 326
258 147
556 937
743 63
253 292
897 323
834 194
777 247
451 997
595 994
92 420
111 413
894 945
992 113
327 61
931 753
747 81
600 125
763 257
424 879
72 442
680 400
706 312
183 553
297 996
472 776
626 446
257 775
327 692
110 961
253 356
892 811
988 903
877 204
922 99
1 312
67 72
876 112
254 301
246 712
942 126
180 489
776 579
576 69
677 264
854 187
69 430
128 331
465 118
836 833
212 100
253 992
116 811
289 118
883 540
859 599
797 506
979 716
900 16
696 118
72 697
808 400
70 421
974 312
241 507
37 201
617 160
373 654
475 119
419 908
598 992
963 900
6 46
777 916
257 401
307 206
197 683
733 722
964 748
321 303
900 872
399 461
616 134
834 619
639 236
562 790
319 617
643 523
811 831
834 234
646 175
487 74
156 773
946 776
436 756
487 121
256 529
609 274
182 850
242 454
131 654
398 144
776 548
793 877
459 81
777 804
88 159
106 173
522 652
247 74
903 256
877 420
385 695
373 256
806 565
142 14
118 72
27 765
506 362
919 202
264 29
935 656
967 932
454 850
489 764
686 967
877 453
954 695
129 133
196 897
702 331
213 870
588 398
605 677
382 177
977 81
438 34
373 750
110 102
199 903
395 283
317 20
701 134
445 15
903 892
636 92
177 672
325 567
194 424
757 491
168 92
612 829
467 586
329 962
866 607
124 408
260 808
659 424
50 800
144 193
811 711
982 111
942 914
299 632
864 398
672 967
628 151
136 270
799 358
209 725
252 896
558 442
515 803
256 327
440 979
697 768
327 694
103 147
46 939
923 924
805 837
982 78
176 584
270 25
533 671
420 277
86 704
540 828
349 400
972 967
129 401
525 627
253 807
72 338
175 832
21 571
928 344
117 475
187 789
781 885
347 817
232 256
757 986
695 347
680 203
153 72
32 292
145 98
734 84
489 736
923 741
2 580
479 657
891 270
493 917
357 507
541 259
475 312
702 672
452 147
737 735
630 227
617 723
654 601
393 142
139 124
57 495
760 202
483 279
903 578
648 679
617 631
221 521
786 514
685 381
696 477
620 229
785 67
8 209
801 104
721 227
719 222
13 967
683 118
150 947
904 405
169 996
625 106
773 424
939 556
270 95
155 170
992 345
955 764
607 202
133 569
587 531
510 133
516 219
915 910
498 317
10 540
938 500
576 884
432 673
805 401
681 238
926 968
164 670
564 736
560 989
243 297
850 451
982 814
342 358
748 904
910 220
855 583
870 109
719 469
847 806
97 665
550 896
728 533
968 485
765 684
814 971
418 823
949 255
630 534
493 206
481 498
790 319
660 533
797 191
316 370
573 401
613 314
984 446
805 705
594 828
788 308
751 96
543 13
902 255
284 108
319 731
210 751
734 852
475 818
422 1
206 319
