10000
4645 4259
6533 1688
5358 5057
2953 6443
5023 4432
4693 7533
9119 9289
46 8198
4205 1034
1818 9396
2255 2563
9453 8756
2762 9452
4383 3951
4091 5336
3636 3673
9059 1883
6051 9605
250 5941
6148 3871
3372 5044
3324 1192
7832 4637
5231 4492
1660 4419
6743 8106
4337 6923
1455 3450
1591 5855
7802 5248
3364 7622
4265 5573
3514 8260
4096 2112
7784 6921
620 8553
2045 5640
4250 2954
6316 9123
3130 3847
271 4025
8248 2063
4839 5368
6595 1466
3273 4791
4401 8659
3282 6647
3242 2938
3425 2835
6779 1717
6398 7071
6345 7112
5260 2752
9165 9451
9412 4427
4728 7665
8394 4180
3804 9743
4866 7264
5258 7436
3710 8691
2646 1965
3642 9222
6644 7179
4356 6638
1105 539
8100 1385
1321 5145
9543 6131
1115 9192
5452 7113
3374 8962
5149 4775
3553 8733
191 2666
6719 9837
7598 3632
4226 3013
291 1394
3616 4555
850 7406
7588 7932
1515 9730
9769 1994
9117 9047
1558 8838
8829 6039
1594 7595
3434 4339
2225 4408
1499 21
8874 9944
4666 3934
4951 5288
9149 909
773 3572
6229 6114
5041 1052
6427 6601
560 9430
5170 9823
7310 2038
1537 8835
4390 1933
433 6808
5769 701
4377 9131
3702 7667
9642 1609
8236 4836
5772 4737
490 9566
3599 2973
3837 8485
3411 6981
9180 6324
6253 7448
4056 8440
6592 1409
6944 7202
375 8965
9650 9970
927 2893
6210 5971
8234 9375
7005 853
4295 6878
4124 600
7164 6962
5413 3965
3402 2467
1131 5663
426 4411
4142 3716
2587 1848
4118 1927
6011 7104
6722 7107
2878 4181
6847 4085
3801 926
9176 8448
6396 2369
2598 8051
2290 140
2734 4673
5966 9511
3792 6802
3045 5027
9906 9487
5992 2757
362 8360
2894 883
7347 6741
4732 6126
3885 3662
6576 3497
5026 2038
8971 6624
5919 8635
1638 3340
4211 2375
6699 5942
1000 2895
6375 3300
1130 6449
9885 5718
3334 446
314 6466
4660 8998
1138 2921
1962 6572
4437 6376
392 4987
5157 8869
7217 236
542 5265
3890 4075
1373 2207
699 2102
3244 1497
7109 6105
1321 2830
9256 8718
4748 5621
4871 121
1733 8724
1828 764
7014 5597
7403 4357
2824 3713
6682 5202
3391 9739
4306 6718
5771 9425
1014 1451
7980 4260
7839 7804
7635 4214
8673 5377
8787 6122
4466 3739
8154 5839
614 9431
353 5579
9461 6214
1661 4727
2906 7990
1692 2920
6615 8416
575 1418
2877 9545
9930 1661
2062 5835
7853 1012
6054 511
3631 9346
5641 8105
2924 6198
8818 6134
7970 1139
2028 5053
5028 3200
3595 2485
3005 4783
8980 7011
4024 9548
5728 5060
4108 9860
6672 5462
6199 4164
5289 6255
8938 6580
2771 616
9468 1331
2632 9724
6240 2343
8132 3254
7003 9649
4899 310
8096 4587
5797 9031
4640 7076
3929 8755
6349 1356
4507 9530
2498 2350
285 1132
6523 1649
306 50
5553 2266
1145 6212
7793 5275
6786 5147
7774 2321
8657 1887
8112 9172
1454 9331
6216 4101
1423 4848
1836 4589
712 6829
1784 5824
7540 7498
8464 9271
9205 3589
2516 1486
673 8658
8144 4855
6957 1285
4797 7127
6389 476
5062 2171
4967 6843
5359 7293
3914 2667
4791 1738
7028 8273
244 2310
9641 9945
5131 3569
3350 3854
1184 5642
7291 4851
8386 1644
9724 9230
6413 3231
1042 1365
5003 7445
7834 8881
6340 8196
4708 3604
7619 722
8437 755
1828 7056
9669 5314
6951 6074
9509 4687
5175 5957
7131 5633
4359 393
8824 1976
8394 2901
5134 8496
5177 1430
4762 2326
2090 5123
5865 5945
7836 5832
4306 2102
2816 8420
4402 8410
2268 2557
9467 5788
2869 9852
2931 4983
6601 4407
5311 729
9967 3712
3967 3988
955 2546
9747 6314
551 9193
4564 9788
2197 1537
8858 3817
4100 1805
4576 6120
1432 1651
7875 3863
1573 6379
7440 7931
9809 5962
7506 6950
6132 9892
3130 3135
8638 2174
1621 6036
5093 2668
2145 5766
709 4430
2258 1062
1531 9834
8395 6468
9272 22
7559 8273
7553 8592
404 3168
1357 6022
1240 5088
5257 2169
1967 3099
9904 8462
2841 5928
8058 154
3488 6581
3505 2009
9004 7515
7755 458
8408 2133
2458 1232
9591 4604
5058 8488
6995 2901
3164 5508
9253 5508
9900 4497
2146 9060
8832 4341
125 4397
368 7672
7544 5610
6039 8469
3574 9011
1731 126
5810 5745
9395 2269
383 9919
9315 1137
6487 8790
9497 1812
991 2832
7970 1490
6823 4580
6666 7232
2988 1621
4228 5716
9608 5799
212 4460
2096 5344
2060 2870
1101 918
4712 7029
8068 3716
4315 4759
4646 8039
5683 7432
2713 5436
640 1151
7372 7806
2156 262
7595 389
1311 6969
945 7130
8472 7786
3349 3549
7567 427
9374 7947
5076 9647
933 4574
7228 9460
9438 2135
5242 4240
3618 7685
7556 5506
247 2806
9433 1768
6541 2099
3282 8702
5312 3337
4226 8115
6837 4432
7699 9297
3974 9902
485 5131
9 4202
8681 7806
1124 1928
9289 86
6333 1071
4132 1125
9405 8490
9355 3603
4469 5869
9617 4801
8509 7645
2696 9732
4087 1518
2409 8236
751 2105
6575 1384
7865 404
4650 1040
8454 2381
5580 2782
3597 1485
6141 4196
9570 128
1845 4169
8603 1120
3331 4209
9486 8939
1160 932
5919 3070
1031 3745
2530 790
1179 8127
691 896
82 8642
6453 5623
9221 6518
1722 712
181 1051
9840 7000
2025 1358
6271 1065
681 5293
644 5832
994 5781
5220 6468
3962 2050
7849 9807
4273 6558
4045 6151
9969 9416
7069 6027
5926 696
6545 3091
6898 4185
7152 5577
7795 2340
5709 3903
8028 900
2180 7411
2196 9467
4065 2097
3985 9347
1520 6055
6364 486
5083 2239
8484 8902
8463 5181
2657 3033
7957 7133
6061 6195
5014 6372
1815 3209
4704 5994
1654 8623
1923 8044
7768 1642
4657 8926
7628 1481
7449 5243
7865 6787
7625 8897
9786 6315
4229 8376
5974 4165
6684 7199
9762 1147
9404 8242
4085 8445
5865 624
8129 6888
1683 6905
8221 5157
874 6537
4925 7408
5806 7505
7851 7960
3949 628
4552 2575
2456 9959
5263 8195
4119 6273
7478 1083
1800 3305
9338 6682
3110 6307
1048 7260
9175 2106
5806 8238
3049 2905
6789 3519
1981 728
8976 5372
4095 513
6709 85
1776 6974
1742 3300
6281 2418
6978 3463
294 6929
334 2779
9649 6679
508 1776
2490 5019
7425 8206
3548 4179
2536 6226
5770 9077
436 9102
5388 2737
2644 1255
1261 9794
1342 482
9996 9118
1197 7125
2699 8644
4111 2253
7095 4796
4334 4933
4542 9490
6255 8303
4987 2654
4120 6680
4557 3645
1134 3825
8080 5490
9565 4015
6282 2908
2534 4478
5880 9362
7670 7676
3858 707
1588 1825
8700 6597
6391 5323
2467 7589
1583 2486
6095 7780
5619 1382
471 4881
9888 9987
2886 5181
2837 4846
9474 255
4504 7662
5301 416
7491 5537
6459 4512
3169 1340
3546 4582
1106 326
1088 7899
9753 2337
9299 6963
9692 935
9030 4602
4130 4864
3554 4915
9122 2114
5745 3479
9361 4152
281 3231
9115 6748
3586 4211
6435 7623
313 535
9072 782
4274 4049
3825 35
9765 4319
9680 3918
5501 1742
3738 9742
7004 7708
7024 1644
7558 1096
116 7938
1899 4092
6776 143
9471 9599
5478 1502
8850 3185
8028 6931
5435 9707
1832 9529
5922 6650
1498 5801
2229 1755
5803 2574
8776 4260
1368 1523
3675 7757
8233 2949
1729 3327
6623 2754
2646 12
1575 7604
5335 9455
2619 9737
3428 6793
4954 5534
3617 965
2125 6799
8891 5617
4349 9842
6073 2884
9348 4739
7573 8728
8442 3531
610 3525
1208 1249
9080 9705
7342 7059
6969 9556
9366 1793
7297 5870
2254 6038
6483 2276
5350 2155
8409 9164
5373 1138
1897 3805
6760 1685
7145 4079
8940 2853
2664 4975
6206 649
9560 893
5649 3880
1919 3316
8042 6153
4776 7224
2971 8836
253 6370
3282 8427
6290 7831
1108 9257
6450 7062
4064 3054
3814 4978
1096 4860
1148 8770
552 5212
9953 1703
9661 1704
8927 8744
8346 72
684 1554
4777 4071
4020 1045
8533 9546
5171 8005
502 8658
7649 6334
8333 657
9866 5750
1819 2514
7094 3235
5678 543
847 6312
9516 9950
408 8430
6653 1185
3984 89
4618 684
2287 9784
8117 2544
148 6604
8987 7559
1689 5076
2420 1036
4014 1165
56 5280
6914 493
5378 3390
4344 1719
156 8003
4625 4896
3513 3319
802 4036
8221 8904
1518 7830
8906 9631
4202 2786
461 6621
522 5123
1025 5686
7996 3503
5229 510
8802 8774
3746 9631
4567 2083
4390 8442
3501 4473
6742 8784
6383 4397
3788 6589
600 5213
3048 9349
9659 1828
5521 1034
9677 1766
2738 2275
1752 5397
2827 1588
7870 2020
9511 57
55 4087
9644 1609
6547 6270
4716 6752
251 2744
3637 5428
338 6979
6184 2336
1154 1893
7811 4399
5195 1773
7193 2527
2777 2436
578 1568
1544 9325
454 803
6746 8102
525 8265
6814 5067
3819 8572
9032 5611
1871 7252
400 1382
4856 3059
3310 1244
4734 6838
8084 7249
8216 5092
7495 8688
5493 2913
2751 3029
9019 4396
2372 3499
7219 7620
3780 6593
9632 1756
2000 484
3734 2465
695 9497
4030 6236
9049 8136
9473 7867
4138 7595
7034 1269
3063 5875
5670 4182
5606 7944
2244 337
2944 6649
4297 1317
4515 6951
3862 3710
9498 3036
3648 5782
878 2750
4763 1884
9456 6676
3085 4221
2813 6708
4354 5214
8132 5264
1673 9561
9301 6152
5362 2351
1806 6457
7844 9709
1718 2992
9808 7769
8712 1556
6205 2351
1250 124
5425 2934
4355 7294
123 6553
2209 8760
9744 8281
1990 9486
472 7345
5812 6125
4039 4675
8141 6956
5261 9740
7129 9796
9892 2234
1427 9264
4565 6062
6381 7030
820 224
5029 2993
785 2587
1682 1115
7925 8757
6705 6865
9836 1388
8384 4489
6579 6169
3997 3570
945 881
4537 1447
1462 9102
1954 6156
2821 103
8698 5703
5515 7506
845 1010
7454 9052
7656 6450
4434 1570
7993 9047
1132 4966
7123 5076
5258 9000
6390 8762
9948 8464
8685 3200
8173 9307
9492 3615
1729 7543
8806 4991
3167 5204
2524 6137
1494 8008
8907 4501
1956 1167
3671 6289
9237 2828
164 5624
4491 583
8842 490
7170 6307
9141 4392
4979 2883
2864 6178
1763 3946
7387 9076
3067 1124
9176 4839
5165 4665
9776 8043
457 1114
7114 6744
1431 296
6470 1817
211 9999
1179 6735
9451 1317
8048 2003
4626 2531
2437 8852
3317 5395
7279 9971
9036 4516
9450 475
4664 9656
9051 1458
6073 3391
4739 615
7725 2069
9534 7233
1959 7328
8765 8740
3019 5514
4683 1891
996 8783
313 6283
4317 4673
3942 7134
561 9460
3831 289
8660 3508
3882 9187
1840 5676
5592 9541
9050 9385
4646 5150
1117 6078
6190 8416
4485 1864
8229 8733
8065 8464
1112 1435
1966 101
692 2122
7156 5602
75 9880
8496 7949
3806 6148
1062 3048
9822 805
6181 2272
100 3242
2526 8017
8144 126
9844 3174
1494 3007
7096 3528
8571 9501
8180 5741
2338 6081
4324 1208
7229 5887
9985 5263
3529 5905
2823 4448
7741 1797
6207 1456
9059 4838
9854 8894
3389 3833
1103 4422
1561 2696
306 8609
5902 4773
3980 6633
4863 146
5499 5110
4255 1984
519 8057
6862 1903
4302 6479
7690 6075
6724 966
7737 3259
1756 82
817 9922
2305 5819
2747 404
1842 6104
3399 7293
2082 6114
1830 9335
2294 6880
380 2378
9495 978
7616 2502
8272 5832
7559 3754
7593 3609
720 7722
7308 6804
9717 5268
3104 345
3723 1067
6548 9461
3763 334
4381 8766
9115 3507
2067 2000
1066 2095
2250 9950
9869 8481
2077 4972
9936 9189
8235 3187
1494 3336
1588 9290
4839 6953
9960 7854
9253 183
8509 6927
1148 1113
6087 8718
7163 2946
2307 963
8298 9330
4517 2282
3337 8051
2846 2446
2726 4135
3943 4546
416 8770
9177 2862
1871 8412
7015 9909
2097 4624
5303 9989
1047 9953
4316 7239
15 3972
5097 2157
1545 639
2607 4535
6064 6880
2398 9145
5863 5978
6417 370
8441 1012
6843 1717
8779 652
3623 2318
3177 6507
935 6941
9238 209
9026 2625
864 4195
280 2614
7944 4696
1515 1420
462 7882
6107 5330
2702 9082
119 5285
9015 1941
9810 9762
3263 265
1749 6671
1622 2864
9859 5124
2625 6549
1506 6617
424 6350
9219 2548
6498 568
713 7896
9571 9776
5460 6260
5180 3666
2907 1160
2327 3821
9410 4755
7437 6316
5979 1403
3040 8022
6753 6862
2514 4479
128 8451
9888 9186
5175 530
3927 2977
3804 9113
284 1875
8832 6341
6415 5046
4292 909
7797 7921
7754 384
2185 3255
2731 2183
3026 5889
3642 8149
1239 5429
6448 1759
2411 5759
9169 5122
6879 1525
6703 6325
6052 888
6163 1425
7246 5025
1986 9745
4994 5775
3415 3639
6926 1870
8855 7739
7298 9504
252 5990
8289 2220
2489 5461
9103 4690
2798 5119
5183 542
3013 3725
8988 9061
1766 2464
6764 1851
4807 1927
5258 8687
8618 2091
9869 7435
6436 5222
5201 640
9405 4155
6841 1265
4288 3098
3191 9858
7163 4277
6008 7267
162 8591
7803 3346
9056 676
3126 2361
4166 5805
6996 4703
4617 5049
6104 3207
7483 340
9423 3899
9961 9550
1681 7418
8483 8834
2037 5913
6712 3669
4882 9728
5183 8069
4199 5335
2801 6573
2463 2614
2164 437
1661 3241
9748 8497
6395 5741
4771 5571
2574 3986
7718 4101
2846 8375
7443 8371
1181 8916
4103 6952
7985 65
7346 424
7583 3160
1363 4147
3322 3931
2075 2339
5948 1916
5159 6159
329 1672
3059 5996
3745 4159
4350 5749
6 8315
3003 761
8496 6710
8916 9964
867 6874
1405 138
686 1726
9630 9938
2886 3464
4957 9988
2853 5893
7842 8912
901 4486
8613 4295
8518 2085
1026 4842
660 8666
6965 7448
7520 1242
3257 492
7289 3856
1089 3344
8781 2127
8661 4245
7598 6528
2574 3951
2172 8817
7142 244
2004 8068
1674 510
5371 1980
5717 172
4293 8834
8060 3419
735 160
568 5286
2195 4215
307 2803
9592 7513
7788 3514
5346 4256
5354 2733
6906 1134
5882 3403
8633 4214
3090 6714
110 2363
6890 4840
9249 3125
1957 111
9171 1370
9364 1797
3147 6209
9792 3875
4333 4964
5069 5022
4073 4776
5700 3946
252 7046
1064 8129
8173 4582
9437 9659
6502 8429
2827 4269
8768 7165
7409 6081
6802 1843
4742 521
9825 8481
4425 192
800 8388
7407 3972
3455 5430
2774 7781
6602 6852
6125 8291
7614 5305
7474 1318
9661 3627
8278 6221
9272 9507
3506 8612
156 9370
184 3730
767 4238
6979 7050
9472 6658
4695 7379
3566 7773
2298 4541
6376 1139
8223 1268
2230 8952
6085 4790
4141 2699
637 4061
1086 5880
177 773
4601 4299
2765 5248
3771 398
7240 4735
8350 51
4 3754
3638 787
2188 9494
7645 9295
1652 8321
7062 9614
2775 6605
5568 6335
8753 1256
7902 8735
8880 4200
1798 4107
6416 5435
141 2810
6355 7796
2463 8309
6842 5004
1156 3596
2190 633
1651 5987
3492 4658
9350 2597
9924 4267
8495 9773
2309 1336
7096 2142
9147 1901
8826 1274
3148 5069
5565 7992
753 4044
339 6235
6078 6612
5257 9554
9870 6067
7846 8022
2193 8464
945 320
2336 9089
5582 1478
5494 9982
8971 6241
5674 9980
6849 8975
628 2996
7750 5182
8931 2814
7772 8219
2776 3913
2797 3090
9016 106
1862 2209
6066 7688
655 9177
8985 2356
9653 3351
789 4016
1981 3301
1195 2765
3623 4485
2989 790
9200 3201
9983 469
9221 3568
7283 9572
3510 641
1991 9769
9828 9446
9484 2239
6394 2267
4064 862
3561 8690
7524 2990
6411 2686
3060 5078
7277 7636
5993 4458
8268 4779
5725 5865
6162 5208
8520 3120
2753 5250
3595 9164
4588 3452
5780 5781
695 3948
3870 1483
2030 1555
3214 9223
2223 7282
8341 2473
3389 4460
1709 8942
95 9242
4269 3530
3994 3219
5066 1397
4026 8742
7632 9157
8537 9916
6541 2040
8405 2365
7262 1492
4432 9037
2043 2593
1337 5059
2014 6047
8963 8845
5175 6231
6809 1299
2328 7858
1642 99
5929 9673
6476 5112
631 619
6563 8916
3502 5178
3971 119
5724 3860
5568 5243
4476 817
7291 8064
2190 3417
4927 3387
6151 297
6363 9648
6577 2609
2062 2577
1026 7473
5944 1031
7356 7192
653 5457
1204 5336
7019 5526
5632 5609
4426 3083
4113 2672
904 6582
2841 8124
6567 2438
6149 6813
5787 7963
4183 6531
8156 9197
9011 740
9355 780
5006 3912
8228 531
954 2600
4285 8877
2046 9801
5907 5414
3108 3119
6115 1597
7132 9324
5337 9276
8584 6365
434 1009
1177 8492
3424 5048
4661 7963
9854 4419
3533 6933
3053 414
9509 9508
3252 7606
7308 9777
7094 7774
1311 8538
525 4082
6526 9695
4380 2895
7679 6308
4040 175
7200 5045
3222 8097
4933 1126
2929 3895
9214 9023
995 1672
9756 5975
8810 5754
2676 9778
8280 4794
8382 5080
8749 2840
6481 1931
1803 5119
6166 4803
2315 7138
2129 719
4868 5352
2711 7281
7756 4464
9608 6914
7709 7970
237 7576
9174 4309
6510 1899
9907 5150
3116 8068
844 3501
3731 2863
6129 9513
1563 7686
6611 5568
5930 978
6811 5809
6515 4845
3802 8142
3957 2641
5755 7068
3197 1022
5472 9926
64 8908
3702 1744
2757 4248
6861 9353
7512 6225
500 8946
3984 2649
4774 9796
1527 6678
5306 4576
5386 7291
3262 93
1247 9574
5496 5960
9140 6369
5965 8321
365 3967
5171 5190
8855 7872
1308 1879
6904 445
1410 1611
4311 1619
5847 8946
3071 1690
4813 8100
1592 1070
7323 1547
9493 9675
4547 9489
6966 2433
9551 4958
2811 4782
6908 3129
7418 2410
9384 7102
926 5483
7220 411
8314 3598
6910 5047
512 4082
6190 6220
7116 9978
2943 2590
1452 9397
7849 3113
955 1175
8118 8290
3240 2542
8302 6824
4078 491
9862 1351
5301 6664
3073 179
6610 7621
3872 6007
8866 2532
8362 6429
9746 8449
3215 9260
4966 8670
5835 556
6188 9690
1132 1439
3539 3473
7737 6248
6975 9243
744 9814
2367 9925
7040 2908
9502 6349
4113 2778
6521 5993
6775 7372
5116 6013
2001 3701
5925 6542
6400 4331
177 5777
529 3959
7877 915
9914 621
1690 1608
9623 3621
2996 2931
3141 6118
6359 964
4225 5415
6246 2556
7573 487
1122 2591
1295 5093
3938 9730
8494 471
2476 7740
303 2777
4310 9308
8293 4320
8145 8281
5903 972
8528 684
6508 7917
1008 8134
3611 2552
2445 8374
4400 2511
2629 46
1674 8294
2614 4218
8608 1902
9729 1496
9944 749
6846 2548
6895 2604
3809 8048
5866 8780
7308 7894
5851 2761
8943 5535
414 8344
7931 5055
1595 2484
4239 9110
7045 5766
8510 5448
1241 3640
3998 1591
7188 5153
5549 4970
6196 1521
1467 8986
5438 562
7648 642
7626 2493
2278 7077
6058 7028
3086 8549
7191 4595
3156 395
4028 1149
4603 6521
7715 8404
1853 9973
2720 6045
7067 7161
2109 166
281 4176
8899 8225
125 8417
4721 5338
9476 2041
7267 8681
9496 706
7038 1289
9207 5589
1276 6185
1535 3448
9402 835
9337 3145
1253 2482
8839 4198
6831 7115
5949 2527
8610 6311
3394 3198
7283 2997
5296 3506
9325 5954
116 5485
8856 76
6391 1474
9144 239
3259 7469
3606 3325
5266 4531
6991 9475
9009 5990
7603 4047
1870 7386
2636 9393
9346 6945
9311 7
5076 6785
1459 4388
9706 8151
3276 8132
2929 2098
6416 8745
3988 5950
8674 3812
6284 7067
689 5465
5641 7955
4737 8630
8797 4011
5377 8173
2939 2996
5012 6007
71 3671
2256 8166
3524 2654
6953 4781
3451 4907
3706 9818
3290 576
7801 4928
2272 2488
6068 4165
6060 5172
4395 547
1675 9323
8418 5561
5546 2544
176 2378
5556 4070
7961 7623
1370 2783
6015 7602
5474 6607
3762 327
7747 82
8262 5858
159 7900
9928 6876
8300 5126
5146 8650
1973 3545
3160 8903
9401 8511
3753 8402
4658 1569
2586 3078
3593 9684
2892 5534
5006 118
3457 3569
9180 8675
4551 9009
8492 1796
4590 8313
9540 8741
1039 4248
3995 3398
945 6194
4509 5934
5648 9224
9995 9646
8581 8687
5644 9190
3135 3016
3636 1279
2180 5785
7522 1435
8149 3206
8910 3366
1529 4942
5145 7358
7315 5338
6343 3138
53 2029
9460 6101
8623 8981
2715 9066
6000 8234
2945 6533
8182 8188
9152 3329
6503 7697
7146 8880
2666 5951
1826 890
6230 5736
5494 8774
8371 6493
6097 6995
9814 558
1081 4613
455 2128
9288 9341
496 4018
6824 6742
8116 3562
8238 1674
3925 4417
6922 4567
91 1068
5584 1654
6837 4998
3121 4799
4276 1080
6642 8271
1204 2399
5110 4766
7787 2420
1438 326
535 271
6903 6848
7323 278
1079 2741
1597 212
2870 5374
3024 4234
2007 7871
8859 6543
6371 1165
1343 3256
7566 3189
6493 3520
2964 3124
5104 2840
6816 5427
2088 2029
2016 114
8049 4987
7064 3854
4795 2459
4602 8023
8499 1774
8527 6855
6667 4869
3025 1589
1036 3348
3480 7286
4187 3682
9399 6265
1852 3438
3887 3256
2228 5667
2553 3276
2443 8440
7738 2452
9159 4760
5965 8147
6617 8882
1872 5380
2233 7624
5213 9504
1698 9590
6262 7660
4982 2847
7052 1880
373 9028
2833 9974
341 7038
4133 6580
1189 7189
1605 9713
8557 6713
2973 9227
8736 2598
343 3808
1178 7202
7043 8620
4667 979
4533 369
6326 7334
2413 1322
1813 810
7392 7785
2061 6747
8871 2255
1741 5743
9443 4407
5260 8713
9383 363
7948 9989
4233 4909
697 7825
2628 5122
2934 1804
2803 9855
4610 3278
4326 9936
7487 1786
9387 4284
8329 6322
5857 8085
5384 9576
1385 1637
7892 4375
8647 6545
767 888
5524 1418
1947 8040
3038 5233
8885 1987
6955 9070
8155 7434
3982 4022
2545 4186
3947 9085
8135 5047
4184 4882
2499 7604
8367 8506
9714 1599
944 2435
2114 9575
4683 4452
9973 2177
2390 9159
6547 9892
5935 4721
8672 5402
5936 9083
2318 3680
9547 1182
6942 1786
7597 1172
4157 379
877 418
9104 2092
733 9666
2147 3868
8277 257
2771 8041
7118 4129
6406 1596
8563 9233
2796 6467
1001 3821
6161 3611
5601 3319
3861 8743
6411 6488
6088 5605
739 2398
8310 5580
5615 2590
7731 4076
2539 7172
6429 7585
9899 710
7507 4860
8345 2135
7574 7372
5253 2176
4157 5572
1796 8235
5486 4614
6191 193
2341 7410
9112 9625
9529 4627
5835 4042
7758 966
5587 4753
5443 2424
5307 6583
7354 7143
9883 9424
7805 1714
4177 4008
2707 3502
8474 8280
9441 4782
8616 34
8543 2221
5302 2237
6902 9507
7607 835
7088 7151
2127 7225
4146 8361
1596 2859
2084 4376
8370 8617
5278 4746
5874 8723
7349 8641
5884 3222
6755 8551
6704 9523
236 7033
8543 1005
3240 1940
279 8263
9408 8400
9471 6112
6497 2250
8689 3411
2793 1535
9505 8705
7090 6952
136 5331
5422 9701
7891 2555
6447 9078
49 4470
5400 4768
8805 7906
5965 5595
5108 6309
3292 3925
7248 6360
4328 973
6799 2549
987 3981
3919 4251
5971 2300
6732 7994
3444 7209
7524 5836
488 1210
7491 1623
7790 9731
1111 9510
1678 4175
4135 3090
8391 6644
7346 7811
887 8831
7194 6346
4446 870
2187 2433
939 729
3207 5099
8957 5461
9668 6479
2089 2788
9245 3943
7502 7520
2339 7683
8550 9957
4861 9449
5189 2602
3099 5044
908 6202
8357 1771
2072 3938
1428 5874
4280 6656
8968 8140
3446 3905
8902 8057
3227 1298
3651 8560
3858 5723
2362 5092
194 8004
6686 4767
9743 4662
6140 981
7384 4095
3881 4308
827 235
8077 3238
4829 461
7042 2510
6697 6803
5214 5534
6772 953
8520 3777
3171 5715
1026 1532
9819 8725
7087 6816
8883 6896
4751 4330
2305 8042
9850 920
5266 9028
5518 2199
4936 9236
4817 835
92 5546
8511 6343
3991 974
7741 3257
6471 6869
8719 1882
9800 7550
9378 6561
4188 7433
7803 2544
5525 8435
250 9493
3655 9805
8214 4824
139 3441
359 9532
9819 4667
8573 1873
9217 6309
5677 1296
7666 607
3750 474
4446 8548
22 4924
648 6476
5844 1042
6937 425
994 604
71 7654
4828 8832
8307 4809
2408 8675
4621 9751
4653 7009
4286 9661
5985 4545
7531 9630
9192 9322
7909 712
9710 9846
4451 5893
3293 3884
6083 4003
4286 5536
491 985
5528 824
6257 2194
6005 1034
24 5997
1500 7014
2191 2501
872 5635
5909 2264
147 7199
7455 4307
683 5922
9332 4656
8245 9553
2403 3224
6141 405
9075 3462
7525 1628
7816 2349
6612 2029
8140 8664
5944 367
7552 6597
917 119
7519 8981
5063 8208
803 6025
2061 5681
1322 8571
398 8768
2129 775
5718 1842
3418 4282
9406 3000
7884 5361
3308 1981
4223 8145
1672 7529
575 3521
2373 2896
3894 7044
7674 4807
5972 6758
7652 6630
48 138
8243 1633
5256 9752
2341 6824
3473 6790
3027 2304
3215 4780
4258 4083
4203 9780
1524 7547
6721 4300
3656 6890
1505 8671
236 7067
1906 5694
1269 9682
3510 3088
2903 3480
2617 6310
5378 9631
4788 6402
181 6097
2835 7329
7583 5210
797 8610
7980 7916
4059 2097
6758 4228
3605 1550
6667 1252
2359 3435
7511 3979
2821 4554
3405 5349
421 3166
1397 3281
2710 3460
6417 9159
5213 8957
9116 5570
4408 4853
3447 7623
8389 2158
3477 3526
1455 38
7876 6598
3832 2966
2017 49
1330 9442
2800 2306
1780 9622
2948 9965
3517 5801
8380 562
9479 176
873 4692
3097 3965
7028 2432
9122 4435
4654 1269
6042 4405
8796 722
4769 8957
2243 7158
5165 8916
5157 3987
2132 7261
6517 1242
8457 6400
5627 1373
9321 3935
5341 9694
1376 5795
885 5215
925 5503
1972 315
9056 4748
2941 233
3153 2716
2593 7272
3105 1443
1416 289
1360 5578
8896 3296
8929 3617
627 2826
4339 9662
8731 155
1530 6117
7016 3965
2983 722
7205 9941
5193 1979
8621 2753
7213 6950
5197 6925
4623 7754
6625 4078
6074 8330
99 6378
9444 427
7759 8090
1343 8255
9914 6071
9262 7208
9419 1683
7824 7406
1924 3439
3459 9899
3091 2522
2116 1636
5599 7729
2166 32
4707 1944
451 1948
1379 981
3466 7865
7094 7495
735 8937
2161 1767
6511 2911
3347 488
886 5351
2349 2967
210 7457
3798 6399
8461 1059
8215 1789
3757 3025
380 2321
1604 4299
4251 1909
3930 2150
8348 3796
6939 2084
9884 9826
468 9235
9994 7816
9781 8871
3105 4480
6020 4645
6432 4110
1474 1380
4725 5182
899 6550
5181 4449
1614 2801
3047 7154
3080 5513
8076 7594
6722 3154
8668 1640
3855 3866
3646 8009
8422 8669
9097 3687
8292 630
7929 1728
8873 4182
6641 4109
8730 1354
212 944
6552 4366
7771 1615
4556 1631
1971 6862
6486 3689
9946 3522
808 6620
1816 8114
7370 103
3607 901
5866 2700
4272 3482
3726 2506
177 8018
897 9587
8782 5758
8768 897
9727 2765
3419 5168
349 2461
4943 7199
8781 9427
2753 3980
7062 1571
8118 7198
9300 2303
9683 6355
3162 6333
708 2968
5511 9601
7081 133
3516 2047
7827 2077
4462 8681
4865 5549
90 8687
8098 9887
5833 7866
5394 8143
1136 9778
9764 5293
9769 3440
4960 9607
6928 2678
6340 5781
5028 5064
4139 8424
9978 8840
3893 1465
3000 5072
3175 6692
4077 2654
6525 6945
818 9616
5033 5214
6766 2651
3744 5721
2807 195
2987 3652
3847 6080
5098 6385
2674 3305
5774 2807
7366 9042
8530 4883
8888 8577
7724 5967
1033 8823
5914 5157
598 9263
919 7296
6673 2969
3224 8852
8225 9707
5540 1166
8916 3956
4007 3820
6533 9891
2034 3995
1660 4475
27 3667
4267 8952
4876 1610
8033 2473
4587 2105
465 2725
7845 8791
1663 6035
893 3037
5385 8631
5143 1220
8146 3404
6763 36
8876 8444
3496 8127
2687 3659
4223 8190
1765 1328
9382 6850
5122 1396
6566 5974
4514 5695
1856 5856
1910 5363
6051 8951
5984 8706
111 7950
6361 1338
1287 6840
847 8013
5758 7964
2840 8771
1267 368
9157 68
9870 2914
8693 2301
7799 622
7268 6438
7338 5270
497 5528
1982 7339
6228 3494
2023 8151
4683 5254
4591 2517
6432 4122
2357 780
8436 8061
461 6739
9702 2297
3196 3140
7498 3089
346 1019
7257 4914
2952 4453
6734 3594
7253 9160
331 6223
5506 5084
3115 1991
1016 2240
5826 1770
7353 8624
3660 5752
3616 7570
2283 2035
8054 2402
5228 5141
4097 8510
17 664
9483 3733
3811 9608
8988 9191
762 4029
1200 1634
2421 4215
1075 9709
8055 699
261 9207
9157 3447
909 9582
5986 1320
1634 4023
4663 8297
3065 636
8475 8124
3173 292
9226 1897
3106 3407
6657 5961
2126 4201
1827 5101
2302 4053
5268 1504
7804 7422
1194 6782
3191 2015
6393 5346
7518 1203
7004 784
4846 1581
4680 2331
2974 7200
1198 1515
8305 3384
3001 128
6012 1418
5747 9759
1962 7411
2565 2736
3413 3105
7937 9389
9372 9849
1585 3576
5841 3452
4747 7597
3022 6372
1176 3550
2421 990
8498 7662
1276 2103
9266 5063
147 8706
263 2718
9501 8459
8038 2277
6811 1423
5622 2770
5980 728
8580 6337
2829 5369
4151 1764
5082 3212
6933 7119
9612 321
584 6302
9766 5956
6319 382
6858 9912
1265 7993
4251 9929
6501 8621
8099 3204
890 1456
4886 8155
2206 6338
9573 9437
4503 5240
8465 5751
5590 9776
3438 9874
3963 6802
8261 731
190 4660
7175 7278
9843 7519
8215 5432
1573 7910
4276 2823
204 2300
9200 4718
3129 8431
9628 1866
4995 2806
300 6733
4656 6375
3895 4213
6789 3919
7324 7786
5184 6076
113 7339
2702 9463
6107 3729
1161 4806
945 2461
8672 6016
7763 5486
3654 9360
1705 3389
9786 7667
1378 6489
1109 5416
2858 301
9985 6170
4906 8247
6076 9173
8520 8807
5603 5248
9312 1709
3735 899
5501 2639
3841 7268
2084 2567
5483 8121
765 2213
7222 114
593 7385
9822 7210
3093 5771
2817 3916
8076 5191
8044 2802
5108 2064
6189 9116
4475 6696
275 2317
6243 2386
5079 4422
378 3717
4097 3408
4329 6622
4797 9991
6308 4451
7733 371
3947 5939
6516 9246
4589 2533
9792 1483
7705 5255
4025 936
3083 982
565 97
4049 5469
5794 3902
3512 1878
838 7244
4912 3375
1740 632
357 3500
5295 8991
7981 2201
2006 703
3049 3831
4597 2358
1973 541
1721 4558
6338 5905
3351 7771
8133 9728
2649 7994
902 9474
5268 7952
1121 8921
2621 6043
3586 462
8759 2018
150 804
6982 8620
1635 1600
1796 7374
6727 7108
2320 8298
2870 8926
9060 6930
8531 8244
1256 8775
9491 5415
8131 9142
9838 6175
7564 9410
1405 8192
4522 5345
4338 8540
3098 7550
2818 5372
1815 9292
1124 5600
5449 6781
9818 1543
1358 8960
1002 7241
8561 9751
738 5514
3429 8945
3072 758
8210 4838
9050 6275
2777 1266
7631 3288
3813 5715
2152 5588
6573 4672
3078 6865
420 4454
2891 9317
6280 2688
7516 6247
8905 2164
574 3498
269 8655
793 9248
5967 677
584 6823
6894 9758
5067 3384
9097 2924
6970 8513
6970 4145
7173 3250
894 9724
3008 949
9483 8
2038 5626
2851 5706
5704 1370
4410 7827
657 6200
8035 8830
3186 1855
2500 7295
7987 6494
6753 1208
643 986
9046 2656
1904 869
8349 3516
7954 2442
6226 1312
1309 8689
6817 8862
2335 3170
8606 3843
599 3828
6542 4550
2611 3763
4622 1974
7919 1610
2208 8766
5187 5689
4106 7161
3389 2648
6171 4609
2486 6574
479 8195
783 1247
44 454
1526 8918
6969 9481
9857 5843
8747 8091
5320 6116
1887 7435
9118 8981
4207 7057
4674 7354
2369 6949
2626 2117
1846 6019
3502 5086
1319 4121
5998 6764
9879 8212
7059 4621
9079 3445
1668 1666
8518 6792
6522 5461
7560 8308
5229 4156
7232 1682
5902 5846
379 1976
6599 473
1907 5282
4916 6444
4201 6959
4723 9529
3476 8532
9841 7509
7529 2154
6670 4303
8932 7070
1802 2971
9606 6992
32 3342
1719 8869
3561 7935
4067 4905
9571 1686
3311 5159
1679 5617
5531 5773
4553 4755
4433 7573
7361 2330
2795 5486
4572 6797
8190 3991
9795 440
5205 3312
7370 166
7837 2963
500 9001
9621 2649
9889 849
2433 780
9995 8873
7247 2759
8879 6679
2882 3336
2767 485
4079 4299
6539 1970
5714 1006
3957 6117
4692 9782
5627 6069
4403 6346
977 7699
6818 7287
6845 5398
9784 5118
7746 1083
6304 2160
2130 1367
7568 8841
136 7369
9167 5864
4322 595
2505 9347
5789 3732
2033 5061
4488 732
6844 7588
3495 1215
616 1119
6707 2984
112 6930
3554 5103
2125 2426
5098 1855
5041 4832
1877 4140
1612 6187
9613 7516
6477 6101
6875 7006
947 1190
69 7711
9962 7480
8709 7075
6085 9155
316 8123
5372 4477
4616 4881
3552 9159
2879 3594
232 1092
18 4646
970 1351
4742 1203
9464 1298
9177 4699
983 8411
816 9257
6252 6625
1536 3966
3176 8613
3293 8132
3916 4178
1026 2226
4108 7012
1585 6121
4114 3166
1343 6767
2115 7279
6900 8261
8879 3498
7645 8876
8715 9651
7398 9813
3329 8288
8479 3693
8383 329
1171 9806
8352 8440
1798 2855
6131 577
7321 8604
7888 9433
2938 8842
5436 9327
786 399
8354 6079
6738 179
1608 694
7685 1936
3682 6419
2929 5410
1547 3097
2193 3531
1463 2791
1822 858
4667 1163
6023 6292
4669 8351
9359 3232
7473 9619
1979 3371
8176 6315
3091 7488
4822 6209
7733 5516
2797 2531
6456 1106
3608 7557
1205 8179
3685 6010
1271 265
2058 6357
1347 8690
1342 5898
3107 620
4225 7889
8650 3315
6834 5417
9358 6606
3257 1778
7764 3952
6959 3226
3201 9390
2898 4710
5372 8456
3462 5361
7360 8333
135 4900
2306 1697
3255 7509
1488 8765
823 9803
5659 7777
595 7578
7313 4741
3876 2811
4090 7927
3446 4823
355 8113
3765 2926
9817 1694
6375 915
3400 9743
6957 1377
4099 3570
7341 1795
6868 7252
9292 2624
7861 9064
9568 4547
1398 9498
3660 2999
9675 2340
649 1688
5446 2307
7157 1838
7408 1627
8812 6361
3835 603
2487 5074
3538 2585
2950 3768
2658 8260
753 7017
3386 2961
4611 6224
3357 4705
2680 9086
1220 8797
3802 6692
7635 4346
9360 5500
5991 1204
5466 2329
2734 335
9381 865
2927 1437
5971 2975
6412 4529
4944 3080
1765 5900
7267 2885
1792 9033
2455 3509
6970 6371
1829 8622
4958 9275
1834 8685
6158 5925
266 4950
1248 2559
47 7462
1215 4956
5177 5300
7888 5273
2596 3329
7196 3805
4607 3266
5748 2545
9581 7244
5013 6155
5268 8768
1983 1138
3260 3750
3151 4604
6692 7955
241 5476
8486 5425
9035 752
3582 6360
3835 8426
3105 4525
4349 4656
8913 7653
1788 8121
3465 445
93 5958
5489 2847
8602 4482
4378 1177
2944 4040
4920 7828
8148 5296
9140 3178
2494 6639
2188 7958
2535 7390
2858 6900
7451 1935
7719 6120
5169 6507
197 4144
4778 6701
9768 3088
3887 3524
3296 6779
8966 1305
3271 3218
2382 4366
7644 4027
7855 1372
3200 2368
1668 5922
5278 8244
8515 4614
410 1404
3832 5271
8536 2818
8390 9269
8685 6029
7364 31
9941 8068
2662 1607
8251 1374
8587 121
6909 3748
5495 8078
2714 4560
150 7403
5619 8792
4852 5968
9797 1696
5782 5811
5085 8743
2638 3198
6103 6265
344 401
5618 3922
2742 351
6778 1061
1645 5868
2766 1949
3441 8206
5731 4438
4367 9440
4130 8332
9285 2748
6293 993
6131 5325
4134 4999
8546 209
4197 3545
7860 2151
6859 5423
707 1251
4063 7704
903 5712
2226 1565
8062 1314
3840 6247
8591 8570
8894 8330
6736 4761
9052 2882
965 1557
5172 68
5626 5723
9497 9316
2496 9232
455 7969
2876 4102
9070 4713
6044 3198
8294 1402
1809 1304
1727 8753
8611 3749
8447 7804
4461 3671
5379 8278
1921 9392
2252 2521
3929 5031
2946 323
9736 8222
8937 3023
2266 965
2705 4212
2924 2469
7077 6023
1371 1629
6013 8286
1464 7174
1190 5442
3136 6518
7400 9869
2323 3593
7521 5002
7444 7554
813 1677
4749 3525
4002 8439
8319 413
4321 1105
2805 2825
5182 4697
8866 9248
2102 813
4643 8646
3176 5038
1986 8021
7221 947
3760 9201
6972 3610
5120 4607
1309 6551
1799 2240
4678 6497
5876 6288
1259 3029
4614 9063
8491 3112
6919 6388
4057 4541
4939 9462
4609 2159
3676 7076
6002 2749
4986 2719
3186 6109
4809 1029
3137 3493
5851 3973
8634 7053
3999 432
4377 5264
4752 6289
2514 6489
8884 1192
9614 6305
4972 77
6744 3772
704 4803
8882 5816
3445 8703
4403 7983
91 7638
2875 1442
3913 5758
8807 5371
5915 6104
239 2371
4353 6971
9 9457
9522 144
4560 2789
7533 6205
2684 3218
1121 5650
1870 3708
2945 7057
4568 9411
9154 8584
4126 4825
3961 837
8263 1932
5591 6686
3895 4072
7907 8160
606 5091
9434 9646
262 9467
1130 9735
1434 4351
8015 9736
4041 1871
2770 1399
432 9819
5677 8547
1562 9054
3138 2093
9103 416
6720 5466
2628 3287
6773 4414
9338 3319
8373 9235
5082 8782
5344 6274
280 1760
5163 8675
1305 4171
9840 2515
1680 8864
6060 7382
8050 7598
9797 7978
5373 4146
5222 6442
8625 9524
7179 6425
1792 5191
8315 712
5630 7217
4027 9133
212 207
7987 9513
6878 591
7037 6620
9911 766
1104 7828
2342 4401
4113 9153
4722 1002
9315 7911
5061 559
906 6820
4238 6018
4282 1926
2753 4644
127 4224
7386 5211
6406 3692
5216 8309
1545 3699
9006 3211
1837 1353
2122 2760
3580 7944
8495 8215
7731 9072
4704 2166
5652 8523
9723 5507
2730 4097
645 8461
7247 5079
6373 8108
8282 31
7196 3849
728 7986
3456 1027
8063 3202
8600 4510
2124 3335
3041 9029
5037 6259
5194 7772
1254 9140
9283 9891
7002 6684
5277 4528
3009 5311
339 8734
5952 2366
7146 1399
4665 4532
4480 2712
6881 7943
5625 5334
7275 907
5443 7042
9081 4679
4827 2404
2225 7534
5248 4053
6685 1224
8732 6028
8498 409
5407 2162
7180 2377
2736 9642
8080 4237
5671 555
4603 4895
7798 6560
8401 9685
9213 6342
6241 9816
3686 5380
4573 3856
1421 7651
8071 8766
5594 7380
4493 8541
7713 8696
2117 2944
5412 6936
1414 9865
576 1458
9688 5831
3316 9801
1671 4041
216 5954
7415 6071
8160 6821
1939 4140
8597 8388
5370 5997
8923 3646
1451 621
6636 1292
8800 5906
8037 4507
2719 3672
3156 4892
8257 9695
9868 7703
8570 6231
228 6807
5761 795
2594 4754
7434 7575
6307 4137
8870 6161
1238 9244
5941 4307
9888 2027
1960 3458
2567 8827
1085 8301
6144 6165
3191 1469
9643 2598
7687 4276
2428 8930
852 8777
700 7912
4142 4917
1672 4178
5672 180
8253 9623
4512 8347
4905 3901
2850 5744
7608 9793
7988 8214
9667 4112
8761 9588
6527 1052
4017 4316
7585 2831
1961 988
613 554
2 4741
7783 855
9636 4231
2462 5849
6090 8444
483 3004
185 9652
967 8819
8023 5505
2218 6281
7203 4108
8811 8077
6484 2923
1618 6331
5539 1298
782 1555
5192 1388
8002 2430
3286 1080
5005 6219
6705 1147
7299 2013
2925 6459
6826 548
8338 6272
663 3478
4330 7734
6199 8012
1496 739
3109 7966
4354 3727
7102 4533
816 4809
300 1095
4764 7151
5435 1371
6485 8083
6747 5066
5789 4348
3763 9283
3587 794
6941 6997
2521 853
1794 5947
3990 5049
5734 601
1450 3184
9918 3359
8880 3526
8311 150
2378 7659
7134 9591
6306 8815
397 5984
1597 1511
4800 3038
1685 5720
3602 2287
4628 5399
1644 3340
8045 3487
386 8186
6698 3028
7915 2421
79 4005
4377 682
6568 2497
1140 705
9092 3362
4998 3583
7101 9679
5476 4974
8505 494
9850 1640
9720 9192
4815 5637
1742 7864
2780 7944
2666 5672
5825 518
5189 5039
5034 8835
1729 2010
3373 2137
1311 3865
1759 3981
2601 4339
4246 9388
1242 7665
6203 4074
389 5909
3883 6393
7758 2353
6154 7918
206 9980
4036 7601
6041 667
295 5673
5259 7263
1397 8644
4051 7685
3291 8416
7356 973
9876 6185
658 8890
9231 7492
6202 2525
5154 1821
7040 5713
3743 8336
8603 90
7020 8734
7998 4866
3613 1457
1357 7034
5105 919
1886 962
5234 4854
9010 5746
4007 163
3396 5736
7245 2758
2679 8473
988 3993
4340 7548
9577 314
8790 3930
1136 390
7529 5128
9287 2501
158 7426
6964 4472
8327 9208
975 5695
214 1260
884 1898
9619 658
4368 1067
4259 3328
5630 1129
7596 8603
5725 2094
7231 4838
4440 921
1255 4593
155 4551
4391 8615
6214 8657
8797 825
709 7653
2933 4316
5394 1867
2350 1895
2822 4478
6913 9566
8480 9391
5363 4978
3909 9897
3548 7103
3000 8329
7560 993
7641 2297
1455 7042
3617 6714
3828 3787
3125 3678
9538 6307
9814 7185
9972 3195
5498 3997
8649 264
8630 9421
9818 5713
1127 5106
8576 4373
4953 4911
3086 5074
7080 1457
3104 9648
5840 4761
9939 7764
9403 2716
5959 8318
6268 6426
5953 375
2246 5239
301 8005
1147 5020
2113 2686
1107 8844
2147 649
4013 3205
937 4885
9289 2623
587 9118
4506 2443
7532 9830
2272 4203
1333 4923
7976 7487
8722 6772
6935 2491
749 1759
8924 7443
5053 2724
6546 2978
748 8153
2571 8350
3846 6590
7888 5509
6814 2034
1438 9774
12 7752
2091 5545
9846 2557
2662 5357
7430 8195
2793 8033
8284 7146
9904 1586
5721 6066
6277 1934
4251 6940
9528 7050
7039 7051
1958 2587
2088 5651
1390 8702
2637 7263
3759 3302
8574 1935
5970 8882
9698 4729
6634 6894
8344 8512
8491 4144
9258 7270
3109 256
1534 1467
2286 6016
1997 5908
7136 2338
1297 5724
2775 1451
6011 9377
263 1042
2418 2076
5462 7440
840 8404
9134 6479
535 4397
807 7407
5250 2659
7110 2388
9739 9002
3800 5166
9127 9202
4874 4891
7622 7792
79 6288
8558 3799
6278 6689
1856 6955
4758 1824
7858 6163
2520 1226
606 9767
2460 5430
1070 1114
5426 7839
9466 7879
3373 5441
3762 4820
3748 6680
8812 8198
7770 8507
4394 3668
1293 6100
1702 9919
6153 7459
9473 428
1807 5251
2705 3628
6529 1862
1532 5585
6980 8842
120 8007
3357 8499
6472 7011
9878 7994
3131 8123
3461 7158
351 6031
3818 8348
1612 2809
6846 3751
6279 2167
8968 6166
1017 8169
4695 8496
5510 4683
2986 1031
6928 5310
8201 6356
134 2996
9878 999
9260 8805
5025 6666
9886 5571
2212 5583
3272 9460
4680 5797
2725 1916
195 9255
8978 5381
2352 8034
6158 248
1452 3536
1481 3335
6695 2641
5699 9574
9577 5522
3836 8145
6246 6901
2753 7892
3840 4819
1040 2211
3239 9451
7748 9866
3055 8972
7272 558
4945 9806
1601 8828
875 5609
8324 3654
7171 104
4926 6021
2172 2253
199 8864
8139 4587
9435 3815
8839 8585
6440 5563
9258 7325
7294 6232
4750 2974
3919 5867
3071 6653
5589 8653
6641 9006
6121 3896
2336 4360
4289 839
3811 6688
4023 3767
2262 1482
800 2186
5668 5782
5455 5396
8292 838
2021 7074
3966 2290
8636 6855
7462 222
5760 9873
8139 8698
4054 1571
1500 32
9854 2631
1271 7887
2402 5176
1431 5555
2884 1419
5862 8031
4202 830
731 8264
706 6742
1835 1775
3377 359
1745 7841
9670 3768
9780 1124
4422 3405
2875 2712
9300 9524
3187 1558
5495 6329
2491 4999
3157 3096
2488 2251
6143 403
4772 4190
2900 1095
9917 5877
4298 5384
9356 2759
5863 9903
3694 6034
5886 1992
9122 5250
5814 7997
9770 8324
890 4537
6865 8024
2078 9668
1823 5319
2204 4923
4196 6627
6765 5873
443 6570
1876 6188
1279 4281
4350 7187
285 1665
1485 7589
873 117
4083 3604
4806 6434
260 4812
7327 1099
7232 9589
4872 9872
6813 2670
6017 9442
7885 1569
9304 4817
268 5556
8507 4973
7399 6712
7862 2073
2090 792
5459 9920
5463 2009
1943 6661
6977 7336
3204 388
7977 6978
6036 3016
2289 8910
7058 7572
1410 9022
4583 5576
5628 6197
2595 1194
9711 7200
3502 5442
1139 2528
3846 9048
8799 120
4919 3380
5310 3016
1731 9655
1090 7571
7963 7657
4606 6412
796 2826
9888 1271
8693 3358
720 1404
6668 5172
8438 12
2929 7214
6927 3223
2851 2937
3636 5684
1346 8769
6568 3616
5892 2984
118 6168
195 7923
9628 7139
3708 5593
6529 4236
8887 4389
736 276
1938 3259
4495 9987
14 7766
4058 6821
9639 8954
6956 1099
5135 8553
7536 7353
5008 848
9223 5278
1500 2829
6258 8684
939 1329
7194 9151
5851 7011
1359 5493
6514 9983
4874 6506
4084 1242
4989 181
3466 6267
1977 2549
9564 9831
1472 4162
749 7971
4352 6404
5829 5144
5881 4563
2597 7236
2360 5497
7383 4385
4981 6520
5985 1517
6686 2763
4064 2707
3415 3211
388 3237
5481 509
7721 2960
1241 6222
5035 2554
3077 411
8356 2319
6740 7673
4536 2005
6894 589
859 6344
8751 109
8416 2956
8376 3641
9089 290
1762 80
6097 4962
8430 6778
3748 9730
9950 4862
3146 5201
2245 6263
5093 1406
8153 7686
5304 719
6491 2451
9887 229
6157 8914
9802 7557
6454 6660
2471 8514
770 306
4098 5164
7678 7510
2527 2106
5236 7070
6618 1052
4868 6264
5224 5259
5913 2296
2492 8449
3180 2287
6544 2390
8928 8714
6584 5733
4672 1670
1634 7638
3839 7284
7336 9673
8257 361
9812 8904
9179 7524
8094 4019
3100 5972
779 2495
2334 3254
4582 5988
6667 1948
7968 720
6889 7785
8129 3000
2841 9413
5401 9166
6263 4832
6499 9258
7403 9729
4714 4261
5968 2248
2815 5385
518 6561
5944 9422
442 580
5019 5175
1918 8771
8848 9817
3999 4690
8575 1829
1198 8052
6540 337
951 6324
7724 8225
997 3807
269 4099
3803 3244
5062 3864
3752 8555
9032 1841
2403 1300
994 9537
2572 4228
9228 4668
7125 5767
210 2647
9472 4930
4697 565
3298 9151
6751 4706
6965 4972
2627 544
4979 8420
9498 6465
2630 5605
1301 8944
8424 9645
391 8252
3206 4216
8262 7689
5482 4722
4588 6745
7630 7218
268 7869
4917 3343
358 1857
4486 6240
5144 1838
7320 8702
8383 5529
3128 4282
6294 2540
7829 787
1773 7643
3687 231
9934 6654
8226 7343
1283 4006
8009 6240
4866 6726
820 8106
3711 6924
43 5014
4029 4678
9956 7514
5255 1302
3470 3617
5688 676
1573 9114
891 7193
582 1142
3221 3173
9101 5100
8495 2698
7783 9594
931 7140
6125 5892
8703 6637
6426 783
9484 2622
1217 7707
6106 8904
5283 7355
374 7907
4649 6713
836 2305
6208 585
8387 4255
6948 8127
7190 5452
9971 1564
7818 5488
8199 6706
3233 6715
750 5421
9946 499
9548 5454
1041 756
4983 3258
9825 6109
1201 8818
6139 2554
2619 6866
828 8648
5813 6330
3877 3339
2516 7677
2868 4163
7523 4732
9640 4254
1403 4818
1061 5652
1940 7376
185 145
5927 5206
4009 3082
878 5300
9814 6056
2768 9799
1984 8319
7973 6361
8061 6656
5827 5367
2485 2974
7251 5246
4536 7739
7081 9536
153 5820
2150 4358
5328 510
6663 6165
9212 4166
382 5617
5871 5326
482 3150
6655 3728
2660 149
3433 7640
7030 4289
2836 8612
6564 8656
5056 4736
1969 4454
3800 9802
7120 1970
2336 1861
8372 4538
1713 4497
7159 3344
3348 8486
7999 9016
9058 7442
6841 5884
6192 2020
8393 6875
8053 7397
3358 5776
560 1670
113 9841
7292 7468
2388 7857
7245 1212
5475 3279
6597 6672
1278 9663
1902 1343
1967 888
1155 7790
1414 898
960 6093
1689 4211
2010 3938
9225 9914
5966 6366
173 1157
9165 4902
532 6762
2283 3903
6599 6754
239 7529
9291 9084
8341 9382
4571 8996
7073 4500
6138 2291
7639 452
566 1229
5015 4838
3225 5253
189 911
5484 4078
2186 3918
7412 7709
3303 256
8750 2537
4492 6756
7093 4233
4290 5678
6686 7551
8740 6814
8264 769
1208 6057
9311 217
5798 4706
1800 2397
8003 4937
662 1635
732 8729
5666 1734
9629 8109
7828 5052
1769 1628
4379 4292
3429 7573
5890 2563
7710 9503
2466 5538
7133 1183
3259 6984
2816 9893
7138 8706
6486 3762
4843 9892
4495 8763
9300 2168
4697 3960
3194 8725
1109 7782
448 2143
1015 8445
3518 7313
943 4887
3653 8086
1286 139
5342 2730
333 529
29 1618
9034 1048
2279 4093
1402 1053
442 7093
7082 2201
7307 7409
2763 4523
4888 1020
3620 5541
7930 107
3166 439
8020 7609
3386 8425
9266 8460
4934 948
1673 8482
4898 6328
3707 1610
9490 4734
8149 4550
5970 3221
776 7925
4437 6833
1487 4993
1735 756
8450 5339
2012 3892
4089 6096
7803 8601
9616 6264
3874 3676
5995 4499
8373 6811
1874 5004
685 6852
9718 142
1436 2543
9946 7474
2676 6806
453 3965
3301 279
6180 3683
4423 2204
3339 5823
4840 9112
2356 2860
148 6931
9315 1202
7382 8396
3561 7401
388 7405
689 2364
5675 5698
5200 8260
4545 8165
7795 4362
4068 1009
7880 3578
3157 9539
2190 817
1618 8350
5185 2113
9461 7831
352 544
225 9847
1499 6805
1964 4070
832 3152
8652 6418
5979 2562
7528 6323
729 5948
2947 4823
8571 85
1919 4336
107 9784
5003 6041
6362 732
6242 3158
1163 2768
6495 8610
8001 1273
6788 6452
5285 9010
2181 9504
2383 4883
1362 2965
9023 6803
7059 8764
665 3945
6999 8252
821 3555
9482 6250
6483 590
4264 5494
1914 9933
8949 9376
2882 3801
7515 866
1353 1624
8923 9714
698 5521
8038 1209
8877 2132
8122 4050
3099 8392
4527 5487
9331 3624
7981 6099
8079 7448
4540 8926
6129 8963
1394 7471
7072 2347
6072 5098
8865 6144
7121 1424
7649 8546
5492 2761
1269 4504
4796 939
8699 2267
7579 3664
2065 187
6780 240
72 3501
2312 3823
2214 917
8299 3323
3429 9178
5242 833
824 9627
5702 6515
8960 8232
9196 8728
4002 4194
2142 177
1461 7991
2807 3645
941 6374
6038 6535
9234 4634
3946 2395
7091 8819
2084 1979
3125 7691
5151 9164
9544 8599
2858 6746
7873 8494
2118 6947
2896 9895
5575 4530
310 1880
1762 194
2951 8878
3639 3143
8546 5861
8098 4802
1011 3675
2457 3020
9643 8524
2888 7643
6932 3378
9678 4754
3731 1575
7837 2367
3629 2063
102 8451
8261 8968
464 8384
772 1307
9426 1967
1146 353
1330 2723
810 6058
4920 6134
1222 249
6117 4395
4687 9887
9445 6073
9887 763
3521 6774
2118 3381
9045 4337
4039 528
7531 3674
9576 1245
5251 649
6695 4539
8185 7909
5075 9851
2432 1541
4565 2656
9549 9612
6923 5037
1988 9468
6050 1210
9311 8607
8237 6030
6167 1819
6437 742
3120 3655
2385 1469
7317 3122
5147 4608
7086 6427
4869 8227
7058 3331
2570 6630
2254 6359
1234 6921
451 4676
6010 5642
7719 5614
485 6408
7813 7320
5255 8223
9638 8882
9952 4305
2881 2524
8829 5818
1222 4190
6833 1246
2484 8837
4479 8744
3783 6760
681 277
4103 9117
61 667
3646 7535
3630 4307
9104 876
4502 4266
4327 2338
4619 61
1277 3789
221 4763
2878 5956
6750 4372
546 5461
6453 6834
3505 3886
1812 2965
398 6359
3772 3795
8207 2652
2755 6944
7242 6298
8554 4918
204 7562
8426 6680
1303 9829
6787 6085
1042 5732
2854 5986
9385 8928
9548 9839
8315 8169
9173 2918
1105 6635
3606 9610
8107 156
9238 1032
3015 8753
2210 1457
5308 9660
2659 3039
9252 6575
3558 5094
1910 4702
3758 7580
3293 9827
5770 2204
4294 6048
3245 4606
8820 5231
6517 6432
6226 180
3434 6108
4384 1955
187 7735
1981 2051
8437 6569
9898 8868
6534 1642
1023 9568
2849 1440
19 6503
8984 2327
6425 2547
9380 4525
2777 6804
2400 8623
5041 3670
1347 2670
1924 5955
5915 9393
9468 2048
5809 2503
8398 6211
1506 7390
2963 7174
3416 4913
3547 6226
3964 9967
5402 3168
4351 9569
4636 2451
3842 9751
4730 3731
9805 4609
2583 2210
1620 2032
4342 5564
5565 487
7489 8551
1506 594
2294 9842
7480 9678
7340 6093
8428 7012
8541 6725
116 1505
3798 4159
2622 1418
6651 7771
5309 461
2323 5786
2663 776
4590 8680
1017 6377
8428 7723
7342 6579
1330 4463
5408 5090
9932 3174
7545 7447
9796 2930
8627 9906
3192 1048
9658 2319
557 4638
2020 5609
8864 9780
2314 5228
1533 7785
1369 8441
7475 1469
7254 3180
7707 4635
3298 4681
5022 7997
1357 3696
6700 3425
9666 3054
5817 4990
465 8677
4740 3392
2588 6558
4661 5397
4939 337
9262 3066
4155 7587
1516 3188
5173 2553
2671 1699
3142 8008
5964 7373
4189 8879
1440 2125
608 3046
9336 3217
7681 1103
721 6347
3117 9261
1076 3888
1276 3289
2909 9977
2565 4149
1869 1889
9906 1146
6053 5451
2462 3432
5926 9167
6218 2507
9534 9782
8943 1560
1762 4630
6693 1156
8467 3025
5561 2120
8846 8654
2504 5643
4405 4166
5854 7190
7740 3321
9453 9259
4712 2202
1763 863
165 8737
2773 5076
4787 4371
5429 9727
4758 748
8719 6774
7002 8506
5324 2561
3480 6637
9811 6157
1264 659
2479 3551
599 5107
6224 1495
7266 6353
3352 1690
2794 7666
5295 443
7877 6945
5551 1415
2156 9525
3620 862
9371 2645
5641 1655
7584 33
12 7732
8415 4212
5834 2623
6174 4123
5332 2616
864 2902
3079 6932
4484 6468
9087 512
5889 411
6156 8224
2488 6071
617 1131
3899 4562
3884 5550
5217 4916
4436 7711
4929 7689
5232 4568
5861 1669
413 4733
8013 1721
7949 130
705 981
4463 9598
997 9278
7633 1310
9088 9347
5249 7318
2887 6340
5603 3512
5665 3236
3029 1732
3623 2694
5425 5405
2442 4434
8510 5879
2789 9755
3542 3410
1310 4240
5477 1299
9690 9408
4679 9136
6740 673
316 9195
8163 7465
5847 9215
2168 6447
5340 792
4192 6670
6267 3471
2215 5442
22 3585
4080 8178
2430 5509
3497 9474
3406 1646
5305 3875
1042 9024
2598 5097
3342 2050
4466 884
8824 3714
129 8014
2240 8846
3269 1729
723 281
806 7474
2176 4940
8793 8886
791 9772
9323 1383
6700 5923
6920 5424
167 9942
463 9740
861 1924
3130 3185
9689 1205
4494 6538
4887 1169
8816 6224
7785 6873
8453 5881
6742 3295
8230 6946
8554 26
6133 7469
8795 4524
5934 8050
8035 9381
1882 5132
8771 1793
3094 4365
9056 5969
1524 6713
5082 4052
3982 2258
5193 4694
9270 5592
7416 2936
6634 4060
4862 5935
5036 789
8285 9661
9409 9404
6244 7665
342 8980
8131 1215
2784 9664
243 3133
5097 7632
8924 7727
4246 2855
4034 5532
9676 5567
1125 9877
4797 7290
8194 2842
8754 2013
4692 8011
334 2176
5643 9894
1392 4344
828 2049
3980 3668
218 1478
1426 3437
3464 522
3774 657
1321 9130
6462 3309
3805 9534
2708 7383
951 6622
563 5127
4228 7689
7919 651
6500 2245
4123 4798
4015 5636
7591 5103
8295 4844
3965 5682
4268 645
8046 5992
8370 3853
513 4142
7241 5329
4283 5170
471 4640
1864 572
4204 9005
3791 7752
5418 258
3137 487
7427 8851
5862 7371
6853 3216
2979 9391
1332 4157
660 4947
7032 8471
2416 7131
580 1875
2068 3460
3140 5678
2906 4750
5801 3317
20 4426
2483 8855
8071 9149
37 3711
993 7688
4177 8407
886 1069
1421 2043
7020 6154
6749 7430
3306 159
6264 1580
3142 6523
4056 9341
1966 7663
9264 5073
5318 2319
1028 5771
9405 1695
2470 8958
4710 5447
3000 2920
1538 5410
8209 5485
9976 5583
8403 4530
4330 5724
9488 8293
470 9125
52 2170
126 9828
9361 6795
5456 4957
6759 1042
7343 9173
9579 6348
238 3241
2167 270
6480 9740
6329 1066
8499 5619
8160 6280
1910 8516
1275 8996
1050 4317
2932 2923
3430 1880
6475 5461
2431 5969
8406 8598
8740 2335
680 1325
5889 9353
6973 6101
3093 4775
6216 9288
7794 6554
61 315
220 1985
8126 631
1021 416
210 9111
4897 3986
7922 869
5578 1841
5711 1566
2717 133
8202 6266
5295 326
4402 7158
5445 2711
8140 4383
5349 5821
2044 9128
4548 4279
4556 387
5239 3248
9490 1194
7075 632
3486 3683
3305 5146
4889 7010
4212 8108
7306 2611
4244 181
1258 6057
1030 9520
8549 6177
6989 6656
1337 1482
7173 7435
5711 1575
5977 1859
2805 4390
561 237
6553 5174
9069 6432
6431 6784
8736 6354
6097 9523
5663 6596
5710 867
999 7118
2564 7514
991 8828
4969 6715
1833 6646
8138 3035
5351 9722
5620 2852
95 5897
8383 5513
3727 5724
8234 200
2004 4370
6878 55
2703 1911
1507 9856
1543 9285
3946 67
7936 3509
5792 3850
9889 5423
6108 8197
4414 6256
1422 2194
8385 9376
3872 4125
3779 9028
8297 7465
1371 6004
2008 778
4222 4772
2191 1130
1986 7302
8531 3552
3992 5251
3178 1058
6917 7466
8628 5446
534 930
1772 2858
5392 6040
585 6728
8483 4081
5604 7523
2120 5252
4286 1493
1311 5832
6786 3032
5388 5287
6823 1594
3491 2189
7160 8626
5717 2701
8551 5631
4879 1741
1847 961
9896 2619
6586 9344
3431 3266
6065 994
8879 7880
4966 7786
6136 2683
8187 6868
2384 103
5766 5168
6929 7975
4916 5214
6511 5027
6769 4474
9555 3541
2102 2428
9418 8240
6003 8054
7299 6364
8367 4589
541 8110
1395 571
7513 3624
7587 3422
496 4762
623 3828
8164 7921
1111 372
8607 8559
675 7004
8060 4746
940 4387
4038 9477
5619 302
3577 1503
9244 9796
5731 8029
6236 5829
7629 1076
6921 8262
595 167
2080 6772
1464 5206
4658 1333
1152 4501
2185 8820
2569 9124
5639 8418
1741 550
5841 4679
4765 5751
4960 9335
2838 7454
9511 7373
9076 1592
7749 9783
1290 9270
9393 9220
1439 2582
7698 8383
8423 3059
9168 7779
4478 5808
5356 9807
4411 7965
7567 2349
943 4261
5549 3297
9137 4140
4239 311
8 5924
959 1128
2329 379
1568 7549
7626 8631
415 5874
14 1832
5292 5399
7521 4960
8992 9224
5627 6836
1306 4905
9040 2198
8487 3648
6505 6473
4768 4339
4882 9267
4773 6613
9454 3418
2517 7702
3908 2214
1447 6091
9033 5650
5978 1833
834 1751
8322 3306
9593 1804
8761 7603
3483 853
8400 3910
567 6976
5548 6198
220 3305
4940 8526
1645 3793
7286 7335
3843 4727
3994 3444
1749 7499
1762 98
9872 3326
3998 316
9327 5096
7894 7377
9775 8250
5911 5641
4621 8395
927 3322
4219 9115
2250 553
5108 2662
8161 2627
9476 8772
5613 4849
9739 2780
7679 7916
3030 5107
3096 3796
7348 6949
3423 2618
6255 1554
2259 1937
2899 7023
1747 3166
5074 6236
2784 7862
375 4485
3134 2095
5877 6545
9008 5508
1357 9481
4173 8318
7042 6031
9345 1173
2008 1833
1931 1845
9674 1785
1757 3341
3910 3839
214 4575
3092 4642
8578 6518
5320 9031
2414 5147
9700 7352
8013 3684
690 5206
7270 4387
1436 9246
845 4003
1487 5116
605 2952
5391 5800
3409 9494
4032 4412
6245 5933
2068 6991
1998 1985
6864 8437
4301 4077
3654 4821
36 9396
7714 6297
7262 1033
6373 3509
3399 2055
4362 9921
6242 3073
801 6397
3122 5982
88 4380
2454 705
6524 337
2568 3354
4286 6326
2577 3977
3562 9124
6266 9912
6727 839
7850 8353
8936 8379
7160 2909
1711 9064
3121 8450
2210 2936
4824 2890
273 5995
9776 1763
3819 1120
4018 4601
2570 8535
8566 2169
9516 4912
5687 2456
1998 8929
1493 3474
2657 2879
8188 8749
5270 8879
764 1994
5982 5085
759 3283
3811 5796
3857 2288
8950 234
6753 6431
9550 7131
7223 4726
3983 3655
725 1866
2668 8823
8323 6507
1498 9035
6839 8386
3595 9883
4166 8189
4867 5413
1188 8537
8886 4094
3637 3424
1153 5899
4894 6941
56 6144
6649 6675
533 6073
7885 9031
7459 1645
6840 7530
7316 2507
7996 1684
7485 3034
9194 8999
2063 1801
5416 4481
6261 2377
9503 4045
4493 7797
6876 2200
9180 9701
8657 2634
6124 7429
3252 9013
3131 516
4594 513
2385 1417
3549 8701
2764 2823
8777 2264
1896 6843
3890 7289
8663 1086
3741 5919
5824 833
8501 5930
4521 2630
3954 9945
1553 2992
4880 484
3713 8030
9546 3849
5052 5473
5387 1927
3304 8263
9976 7777
6640 4046
6452 2927
5374 5976
2499 6879
758 7567
1211 3797
1612 7801
4507 7903
8521 953
6855 7839
9901 296
6682 5940
5199 7686
9657 8327
2024 7910
1203 787
1400 1808
1428 7694
928 8282
2975 9905
2619 127
2722 9034
4936 4906
3195 704
3740 1632
4620 7798
1483 7472
5150 3426
7267 6409
678 1692
7869 829
1054 5950
2794 1354
4592 2131
5044 8056
1586 4785
9579 2351
6255 1313
1952 1040
7452 6871
4833 3059
2787 7536
2682 7251
6024 1227
2031 1978
9968 9108
6768 7464
7281 7453
1476 9970
7597 7207
9244 6892
4975 2083
1529 2980
6058 4779
4389 8643
1626 4470
714 2713
7259 2265
1096 5541
7960 9108
5032 4364
9949 5099
5990 7141
6582 8359
6219 7257
5238 9429
9946 6393
5881 3740
3969 4833
5050 2565
750 7612
162 1063
4645 1035
3006 6855
170 3174
6023 557
9421 9474
6238 4902
1275 1061
5671 8632
1743 8798
2746 9328
5475 8295
8147 7823
4238 7431
7880 1390
4977 7183
8369 1510
1005 244
4624 4227
6143 534
8660 9597
7135 7417
8855 6773
7847 5135
4890 2376
3084 1284
6156 9483
5957 5203
8809 5317
6112 597
382 1739
8684 1576
4475 8620
664 5596
1691 5853
8700 9967
4711 6213
1761 3830
6662 1287
9168 4336
7790 7294
1968 8909
527 1725
8843 1134
4039 3953
9624 6221
3896 8567
4949 9996
211 2324
4566 9895
8394 3932
9143 4589
6601 6641
842 4141
2415 4639
4049 5961
7900 1285
2734 354
6414 7163
2274 7678
6291 7631
8631 3253
8815 4006
1960 8177
2579 1634
6074 1721
3230 3593
3057 7740
8455 9620
8381 2179
6315 2071
7287 9001
9483 8293
9282 1077
3213 5986
5001 9403
4597 1588
6358 9910
2113 829
7856 4680
9839 4698
6648 2605
2261 2447
6905 345
2859 6313
494 3528
9693 3741
9824 9626
6757 2320
8604 9024
1090 4858
2882 7463
5000 8620
2084 7147
2273 765
1602 7128
4033 7010
7011 1865
7431 1110
4490 9881
767 70
7423 8710
1447 356
5229 4436
9039 376
6991 2661
417 71
4648 7585
6190 7878
3234 5535
4411 2511
4477 3915
6161 2299
2404 4520
3042 7705
9771 7189
175 3032
6884 4043
4674 2959
2281 4475
6179 1879
5277 4951
2258 5140
1507 8047
4598 3167
2613 8619
6709 5661
2531 3259
1158 8821
9645 3812
7388 6736
694 9251
8364 8138
2134 4062
5327 7021
8435 6020
6173 5554
9246 9263
1551 3575
5022 2620
8429 5221
178 5966
8813 2110
9940 3841
8172 7805
1057 6404
9868 1365
1753 8336
795 1779
2494 7548
8150 6761
1895 7221
7479 1459
1277 4257
8502 1270
982 8534
9286 706
1993 4625
2595 1218
5225 9161
8589 6258
4541 9240
197 7008
8159 4131
7186 9743
4198 8421
4068 9310
87 6212
377 7146
5250 5039
1882 967
2717 2814
1810 9236
6642 7742
295 9851
2452 9770
932 2104
8711 8337
3610 8992
5920 7252
4385 6433
9686 163
4143 1157
7551 6612
6269 2509
7707 360
7942 9452
8607 8807
7749 2499
4102 7393
4884 7375
1484 4399
3806 7013
8564 1096
1516 914
3661 9137
5910 5743
4258 2486
1152 7229
1912 2045
5532 3634
898 9464
4427 1097
6711 2339
6812 5527
6732 1929
5869 8947
8433 5049
7230 2213
3909 4622
1148 8034
8141 4247
6568 9129
144 6655
7471 6382
3018 9067
8452 8242
2362 11
2308 5399
7687 4428
2645 5382
3523 7384
6091 4519
8628 4546
9208 5784
9580 6951
7047 8910
2640 6129
5089 872
1528 6873
3188 6391
6777 9456
9909 3820
7776 766
9144 4450
7517 665
5217 3500
3345 593
9888 5479
1980 4582
8843 507
9613 4447
3317 7087
3959 5358
7667 2044
1300 3678
3332 4272
8502 2227
8765 2961
1713 3836
6676 712
8442 1252
3644 7494
8456 4629
661 218
9689 6693
9373 3864
8268 4278
11 7342
7772 6469
9630 5102
5047 6420
4859 2880
1337 7315
7034 1027
586 3399
86 1718
9813 996
8483 7626
4980 2463
4154 440
1407 2444
6781 8817
4682 6368
1477 6669
4804 5030
6969 9913
7292 599
8759 8082
8959 732
3785 1234
8154 2178
5711 5511
646 5107
3863 7596
5337 5444
9848 9336
1683 635
6771 6582
5341 4121
799 6698
7856 2734
3830 7604
9492 3585
1327 5614
2519 4706
4129 3310
7824 5336
1231 539
711 2598
7555 3124
5830 8538
396 6284
117 2711
8550 7541
9398 7940
564 6296
4719 4338
5591 4641
7818 3665
4343 1160
4765 4335
581 8791
4996 8997
5214 1590
2059 3701
9146 9847
9362 3755
6651 8915
8264 3989
6304 783
6910 7946
4987 186
3768 5388
3103 8376
9120 3156
1834 4004
6878 459
9254 1862
4354 506
7090 5932
1647 2697
6731 4528
8941 4164
7104 7481
435 6928
6901 9206
8848 1241
6455 6876
5544 8424
770 6055
9518 7600
3401 7988
9559 2699
9938 2058
8211 7022
206 2702
8958 2856
8179 5802
7065 5847
6405 4647
8895 4068
9866 8390
5936 4290
340 4154
6531 9635
9697 8892
8612 1635
9173 2578
5323 3457
6314 9095
5486 6893
2972 3396
9294 9962
1287 7141
9710 2052
6780 4190
2081 823
1979 2610
2281 9189
8642 348
1997 7796
6026 6323
2957 7842
108 2819
6779 4319
8347 7927
3476 9596
5262 9493
3948 2898
1716 8932
4655 5402
2507 2271
7124 1133
3270 8493
7066 7628
5078 3921
602 3185
826 7633
9864 9618
1702 5029
4992 7610
9719 3327
7015 3732
8696 5522
2448 6757
3489 3481
9552 7092
6626 5755
4598 5481
4722 2022
7374 7093
8799 7914
4147 8511
6055 4496
3469 4965
8020 6992
2263 5543
429 5051
1140 7924
8515 5068
7611 5352
2839 8928
4140 4288
7220 8576
6543 3948
3472 3465
7569 9458
8247 8283
3654 9279
24 3141
3852 3602
1615 760
7036 7628
1630 7834
4329 3025
8155 3172
7380 1132
3845 3686
5653 7549
7085 8695
4903 619
5542 8258
9052 6599
8305 8825
6723 7622
8154 8564
1829 7972
9018 2995
4575 2387
816 1885
812 5586
1173 4570
1264 414
8463 5235
957 3527
4738 6819
3307 3456
2469 2397
6764 1819
3154 8925
6430 1362
5487 8138
7972 2344
423 2409
1101 9764
8543 7512
3047 6947
7766 7840
1728 562
3720 797
9418 5179
6713 2914
2266 904
2364 5433
2811 6560
6325 9086
1295 3738
4243 9972
5998 428
4498 4997
5314 4043
9833 7064
5861 2608
6318 3759
183 4126
3863 1922
6168 9723
3679 6116
1780 2684
1242 9261
7477 3657
7172 6951
4012 3608
7600 2587
412 4400
8299 9743
8895 880
7007 1484
6762 8454
3535 8582
9106 3870
1468 855
1996 6386
2306 5028
8133 8676
7579 902
7853 8748
6563 7661
4400 7661
7641 9193
796 6017
5070 3280
2456 986
2439 4874
8111 4294
4114 9358
4582 7489
6564 3527
4133 7003
7101 8521
8776 986
550 2467
5838 5397
625 7607
6981 855
9021 3636
9839 2112
2348 5012
7176 42
3601 2068
8690 7049
5337 8413
5300 5904
4278 1796
6729 4377
7420 5511
1281 2933
4549 1073
1126 288
2347 8302
9935 7230
5249 898
2754 777
7952 8482
33 2069
6427 8944
9327 6994
319 1248
8565 2487
1731 8600
4018 1462
6124 5773
2162 9678
6864 4429
8328 5272
3560 6119
9451 232
7923 7891
5230 5137
1100 3439
7636 7701
1326 6800
7389 5952
9166 5759
9415 1075
7427 4520
5914 6128
9041 1391
2117 9411
4382 9449
8744 6853
9822 854
4190 8010
83 2754
5425 7204
1361 7813
6669 6990
588 6380
5234 1969
8632 2083
5323 9721
6201 8983
3188 6492
7265 8348
5567 1119
5499 9494
7931 2463
2156 8285
8067 6691
7304 4122
5260 1989
1647 5431
3062 8401
6936 5698
8223 8849
2105 30
747 4296
2783 5791
8345 5291
2280 1546
7060 8486
2842 1523
9606 7668
2143 8504
2073 4699
5467 3244
7658 8016
1603 9151
31 4220
9429 9976
615 9921
2083 3935
381 9197
6615 2737
6674 9875
4046 3339
8071 7125
3730 5740
198 5003
8598 2857
6693 9552
3642 1283
7459 8872
7059 9218
2843 4988
2962 8501
4412 1754
4521 7385
2931 9533
2306 6297
8562 5195
636 7492
9121 999
2295 6185
5849 3534
6197 8710
6697 6943
8093 2566
4441 7704
9036 1543
1896 1784
1142 6882
3388 1388
9957 4501
8088 566
5598 3649
311 8903
1291 3802
4941 5534
6115 7775
29 8812
250 1804
8609 3721
7078 4445
7771 9465
8518 7170
9381 5891
6593 924
7438 9498
8413 1766
6389 9330
6771 2037
3315 8058
9049 8636
2873 762
9538 7928
5518 9927
2782 8897
2807 3906
4657 2963
7313 3619
161 7280
3786 4663
9629 814
674 7397
4016 8762
2311 4249
9910 9518
3693 9510
6505 1447
3827 6140
9097 8825
3145 5297
4210 7952
550 823
9303 2796
5434 4875
3948 2133
5178 93
3581 1433
6217 959
954 5838
136 4615
9211 5700
5472 8903
8431 2118
423 7283
8508 7020
6048 5420
5201 2968
5239 4364
2619 5981
3988 1309
1318 8870
3463 1897
1339 5148
5624 3200
1306 8203
9967 3245
3688 9852
4822 5997
4431 5119
912 7090
1540 1797
2685 515
1650 3479
5156 988
6257 7435
8747 1600
2833 5702
7395 638
4527 405
174 4718
2582 7320
5887 8769
5519 7389
4168 533
8789 1515
9203 3259
9521 4776
6581 1268
358 5208
3907 2292
8305 6406
7946 5133
3824 6292
1408 7826
2872 5972
5558 7038
5197 4467
3821 8123
809 6918
1476 4191
7030 9829
3676 7756
8448 8519
9141 965
2889 1771
1995 4175
1306 6027
6625 2723
1192 1165
2017 1859
7296 700
6907 3924
7148 6067
3264 5963
9147 2165
9355 3122
998 8527
704 2864
3672 6321
2939 1437
8152 12
2808 1914
6874 7155
6493 4121
5128 8030
7943 4079
6612 6669
1043 8548
1218 4652
4275 9350
1881 3149
6675 4908
3738 3199
506 8641
8230 323
9697 1582
4036 2445
7114 3235
7546 6004
8023 2275
9609 9667
5543 3068
7379 1881
538 7162
787 1736
7934 5899
7939 5860
7460 2696
6110 4440
2727 2430
5836 3897
9233 6271
4781 4950
4418 1546
8956 3895
5778 788
7281 1710
7642 3447
1749 2760
5939 8287
6476 1213
3624 8544
5848 1839
4356 9965
9459 9166
9804 9888
6682 408
6860 9815
96 9532
2092 5837
1087 6292
5459 8106
2761 1216
9305 8170
6817 887
3279 670
2375 6961
6464 6178
8579 9763
5566 7369
8037 1560
1098 5319
1611 3687
6365 905
6589 2213
7330 4775
526 1452
7058 7570
1606 1763
7276 4628
5018 1779
1214 5878
4325 2009
9723 2560
137 2617
3947 5129
4854 4849
7477 3069
8075 9281
3733 8576
789 517
5177 4146
8500 9297
4827 555
6223 8948
6944 4467
5938 5574
1204 5313
3590 4965
1215 4794
1270 8089
2093 2758
7836 8025
1323 4183
7085 5756
3623 3867
5822 764
111 3210
4388 7761
2427 3907
4039 6376
7458 7792
1480 6998
5944 9212
4034 8427
3644 9266
1398 9204
6164 4117
336 3426
8517 5818
4857 5752
5406 9950
6462 8057
9548 4553
9835 5622
6706 6834
5583 6849
5548 6178
1658 7814
1673 4048
7360 223
7132 34
3349 5645
1167 1225
1479 4336
2798 8648
527 1184
3934 6154
6690 4676
2197 2610
1893 172
6352 1840
8073 7525
6895 617
4508 1564
8067 6546
8047 949
6562 7961
1021 1663
415 414
3879 6432
9841 4386
7189 5794
9502 8632
7227 6093
1207 9033
6336 1228
2661 2917
9187 5208
7624 3900
5945 671
7240 433
8036 393
63 2404
6877 3495
4207 703
2793 1534
6225 7737
9971 8352
8141 5685
1433 4357
8282 3834
1608 9187
1220 5208
6086 1336
5970 5931
771 5453
8152 1923
2180 7664
8946 460
9542 1417
2453 8168
3977 4308
9872 938
8614 6118
5853 9383
9278 810
6349 734
2475 1607
7362 7426
9412 3940
3623 8732
2508 4897
2307 536
1452 5071
7626 5939
6464 7426
9250 8894
1577 5373
8978 6135
6580 3968
9740 3562
4429 6769
2226 3436
7960 3209
6687 696
2376 2947
5218 7901
8548 5968
4139 81
4313 9365
359 3654
6642 8568
4032 6089
7658 5180
9018 2312
5390 5446
1611 7197
736 1629
2786 5383
5888 5934
5886 6536
9554 5762
2812 8066
2092 525
3397 3692
2641 9320
1789 8274
6000 2158
9302 6829
5164 4778
2601 2380
9928 7105
3709 1288
3052 3073
8556 1233
9848 5939
5409 3365
7892 2237
407 2368
6678 1659
4577 4535
4072 2333
7717 1095
2937 9047
1326 4425
6900 9438
5009 8589
3917 4249
1542 5805
2878 9989
9535 5644
8431 1643
1795 4715
5727 3616
316 9831
59 8074
8215 3802
1389 6635
7831 6642
6600 4762
6965 8316
761 4719
5143 2031
2699 784
6142 5788
2050 6351
2363 7228
6893 413
430 8609
8146 4271
1652 5113
8512 6514
9761 6070
7476 2603
5288 5441
4088 6208
5132 7690
764 9283
9531 3913
835 8366
1536 5812
7452 7137
7821 2910
4061 2829
2449 8806
4669 9336
7311 4223
1523 6505
1971 5007
9308 2390
710 8588
1145 8558
2144 3103
9707 3664
5428 4154
130 5842
4205 2985
7026 7594
7474 7655
6901 9089
583 2982
3946 7615
4027 6610
2139 5612
6351 5854
7984 5527
1120 724
4416 5888
7501 1718
4162 2134
8232 2523
3202 9065
6727 3923
2242 5284
4720 1760
6049 7592
4810 1413
7616 6916
7438 2677
7016 7117
6971 3202
7098 2417
7122 9074
2767 6986
2284 3477
109 8363
8908 9812
7414 5907
3264 8253
3593 5588
5856 9713
5724 8048
745 6473
1977 7995
7300 9539
8023 6210
9684 5189
3268 501
7092 1501
2258 7055
5455 1243
3447 4641
1501 9317
4724 9110
1953 3754
6327 5610
8605 6042
8241 9157
8900 2440
2754 8665
4225 4494
5130 1051
9071 7675
8731 950
1442 8587
7248 9462
9830 8917
1587 4962
3547 9734
4148 4512
7807 5957
1272 6269
7101 9748
1182 84
2519 9340
9790 2367
5632 5327
325 9875
9004 9397
9216 5669
8411 6495
2318 4035
5348 5082
9296 2444
1630 6892
1521 3270
2378 8917
9506 3925
6398 2489
9881 6228
9240 6387
9704 250
97 7898
8200 6723
4809 3274
6251 8938
9239 77
5062 7318
5482 8273
6403 2181
47 9043
373 6615
691 5705
9381 2990
6384 3118
830 1081
9056 5274
7868 916
453 230
6528 9567
5706 7114
2310 7352
5148 4837
9065 2805
9030 9467
8626 8333
5539 652
672 3976
9342 1943
7804 611
3020 8295
3909 1738
572 5544
8468 8341
2205 4880
2921 8583
7490 4366
3947 5081
3062 1179
8686 7331
5942 6045
8458 5458
657 9567
8083 7863
3328 8267
5414 9606
336 4684
2978 1217
5339 3026
2600 3794
1567 8015
9127 1872
8876 2848
9136 2671
1324 296
6575 6395
4922 8312
2874 5639
8533 5333
1494 4270
152 9167
929 2291
6986 5616
6513 4103
8968 253
224 9502
9789 3639
2756 1196
2754 1405
1422 3658
2085 5898
4526 2665
9218 5431
6530 3528
9178 9851
6512 1835
5115 9087
3994 429
4364 8134
1164 9966
1550 3169
7314 9061
1559 5386
2847 989
2622 7402
5555 5793
9040 1086
2478 8258
6654 2044
9958 8345
3200 9545
7097 7956
947 6578
5633 4363
770 6815
9019 2828
614 7369
9815 6631
1737 3146
1740 208
6415 1274
2278 2949
3516 4383
4314 6092
6400 5571
7385 3529
5732 1308
2564 2126
3650 3922
3383 2746
5753 5352
7025 7329
3132 5297
2890 923
6239 6956
2433 9181
926 3267
7826 4477
4633 198
8085 2691
3618 6216
7366 5375
372 3609
827 3387
8171 5485
6035 3584
9616 5243
6616 9277
3210 992
405 5136
2402 5683
619 3203
9579 6353
5072 8708
2119 5254
1243 9291
6960 10
889 5760
7889 5485
8780 2259
512 3573
5315 9761
3365 5109
9634 650
2617 8539
399 8407
9633 5489
5983 3993
7224 3306
8740 7404
3501 722
7859 9642
4877 7118
381 7312
4973 713
5175 4965
202 9779
2550 2532
3040 6561
9009 4455
8860 2392
5394 6215
8088 8735
2422 4670
7563 9219
3600 7919
5504 7733
7079 3648
9123 3367
1145 8920
5963 2931
4816 6676
6947 6717
6074 7561
441 3105
547 3538
6095 7602
7940 5563
5416 538
8466 481
7176 6967
3056 2157
3542 77
4252 8730
6968 2940
9025 4184
6795 343
6709 4584
7256 7487
3114 4262
5557 130
6479 2304
9797 7261
9417 8688
1453 6501
9823 9470
503 1886
2629 8537
5857 5051
5361 3537
242 6238
3532 6037
1421 1781
7039 2286
9760 533
8862 5227
6027 2669
5058 7282
8599 4631
7602 3209
6266 5334
2419 4105
5765 2680
2792 1284
9247 7778
6645 1079
849 3927
3356 6719
5629 1969
3857 8437
7812 6109
6344 3418
4496 4315
4532 4578
3758 653
4439 6418
6148 5866
601 8615
7068 1783
2510 4295
2956 3199
1668 4945
879 4226
501 2592
9188 7190
5103 7031
3790 5007
9156 2661
3648 4105
642 2546
973 6476
5396 8822
4994 612
6303 4382
9364 8226
8638 1099
201 9286
5916 6883
5401 1923
2013 7243
7557 9482
9412 9603
6355 2689
7684 4475
1938 2728
1118 7907
1971 9654
9350 4014
7424 8190
7693 3220
9749 8530
2923 1733
1255 8321
7879 6425
7079 6453
7449 6946
6807 7686
4527 4603
7623 5159
2408 3734
2709 6315
1881 4086
3856 3704
8113 466
5160 3504
1868 1904
2417 1997
7179 7413
9672 694
6145 7081
8431 1648
9139 279
7212 9702
1609 1582
5396 7695
4074 2655
3353 2791
8802 5309
8967 8396
14 2238
9341 498
7089 9171
8800 4535
496 6138
4534 5966
1818 1911
3770 6837
6768 6653
1128 9847
456 2432
5382 2573
2580 7266
2339 1820
9585 3017
7280 8765
6432 2976
9361 9080
8434 8448
6589 8502
7213 1558
8087 9119
5654 9599
2096 2672
3145 5910
5114 4940
6390 6348
9060 388
9437 3705
9077 1758
9993 2832
3869 4256
6548 208
1206 446
2459 1796
9274 5370
2423 6991
209 9254
2190 1192
379 8249
2081 6053
9745 8017
8377 1633
3617 4465
7182 9487
1608 9236
7760 206
752 8493
2267 2730
9314 9357
5279 1750
7700 3949
5194 2468
209 4821
4388 3244
3312 9909
5316 9989
200 2787
6765 2079
6941 9375
6822 6869
4822 5625
9185 2619
6278 616
4020 5991
599 1573
6082 7577
5710 5600
9826 3939
9599 6906
4658 9814
7616 2957
3833 2405
1965 839
8962 6459
422 6765
8014 6801
3385 1765
5094 9821
1952 9902
5868 9180
4757 5505
2923 1500
7278 5360
3674 8573
5088 9590
7381 9399
9681 7188
4618 5404
3485 762
9076 620
649 2652
1542 1675
3816 5699
5912 270
4934 4408
3083 9718
6713 2151
4292 6737
181 4889
23 7183
1796 3017
4685 7704
6317 3941
3829 2881
2140 2364
3053 8532
8443 5343
4151 5283
6981 4641
649 7794
7334 7288
5126 4642
2956 754
6269 7047
5943 3473
765 4273
2754 916
3179 3694
1572 2851
6298 466
2013 257
3059 5908
2129 540
1822 5214
4193 5921
2203 2250
4835 4170
8254 341
8027 3838
3978 3811
4638 3442
8847 2306
2732 7564
4590 9879
1078 4513
6811 3491
5343 1382
7375 4463
6386 3917
4444 3979
1593 9014
1186 5013
8569 1307
9791 3595
1787 8555
8261 3484
5949 8050
7569 658
1060 6324
1444 5376
7495 3556
5200 4841
2912 4871
4074 7682
5772 1393
9260 2378
2955 1740
7899 8697
8545 9999
5175 7904
8743 9711
2171 9210
567 505
8259 9139
3353 7287
9953 9027
3284 7772
1456 3934
4263 2101
1245 6678
3165 8577
9080 3490
6730 6723
2995 7541
1445 9046
8711 7462
309 9482
4626 4113
4543 3078
7021 403
6571 9
6000 5918
8911 1223
3617 7134
8245 1166
888 3984
773 7884
3899 1223
2681 5503
9217 3295
6478 6274
1533 4468
732 9386
301 9280
3012 2455
3594 6095
8415 5608
7517 8448
3544 2721
2386 9139
2902 1038
3598 2653
8566 443
1355 5959
1162 7647
6241 2852
1617 860
2444 8668
5426 479
1498 4901
8218 5967
4384 6698
1485 300
5227 4786
8683 3712
6111 8610
5465 8414
9749 8362
5439 7605
3387 1846
2970 1075
872 9915
5827 2831
4561 3514
6810 2581
7440 7109
7465 1491
8739 1762
8128 6486
4102 5525
403 7425
1945 4445
5004 5290
689 9891
4692 3796
8787 9883
2280 7368
8471 9050
1665 1404
892 1814
544 8861
1345 4050
7019 4783
6549 2790
4812 800
16 634
8119 4498
1144 6363
4648 4021
554 2090
2150 7671
3698 1450
5364 6365
4131 9571
8058 4221
354 838
5437 8944
6447 472
8667 3516
7265 9440
6776 3958
6266 7688
527 6388
6597 3423
2054 3035
1704 2355
6603 4364
1523 871
1444 1782
831 8149
4932 96
4383 4276
2472 8716
169 4892
3292 1094
3683 1986
2839 6042
8399 8226
1409 4047
5737 3846
9174 1889
9319 424
1143 2754
2386 570
1333 5904
4637 3229
5751 1387
62 988
5987 3071
8404 8618
9519 401
6586 2841
2951 4301
6778 5366
7741 9427
8120 433
1282 2215
8101 2593
5533 9408
8285 1830
4217 2513
4591 5425
2578 5582
926 6819
4343 9806
6325 9927
80 3885
2149 1844
2941 3363
7137 9702
8245 8078
2397 444
791 6199
2668 896
531 3412
830 9148
9135 1205
8747 504
2026 6540
3167 8296
7260 1142
4436 3208
9062 2537
2218 3911
298 1765
7076 6885
9054 2665
1061 5399
1950 7195
6098 9604
9418 8593
5046 3014
8354 8345
7905 6413
9343 2183
4961 4766
6870 895
3568 1447
9937 6204
4194 1630
7610 1687
7128 5667
9895 6248
3563 8126
9643 910
2733 987
6850 8808
6032 4459
512 4621
8567 6114
789 7618
1388 9924
1475 3100
7213 4206
8506 3204
9328 9093
8246 7144
7969 2640
4398 5464
1951 1970
1673 2621
2826 8347
8457 3572
755 8586
4421 923
3915 3359
9742 4231
9096 5614
2769 9184
6196 4167
2476 5436
7615 5946
3731 6830
1307 3301
8826 4858
7599 1290
3894 9811
1791 4672
1190 8995
8699 8993
4119 9183
9831 284
7815 2249
3285 4623
200 7466
4307 1917
1986 1341
2518 9305
1267 6065
1941 4689
3063 6557
1422 5733
491 5119
7090 4500
8367 1470
4218 1502
7783 929
3029 1677
1157 2096
1630 6722
7646 7115
7646 4240
4739 9507
213 2934
2596 2000
8294 8995
9882 6474
9814 6967
9947 8330
8473 2355
3900 7982
7962 3437
7407 2513
9666 7848
4538 9558
426 7278
5115 638
3 8822
6648 9908
9198 3542
450 4583
3599 3766
5646 2720
1348 597
828 7328
6040 8947
1345 3602
716 5272
7949 2643
5710 1156
3643 318
1677 9199
903 6063
5844 2916
1641 5140
7484 299
1614 1639
4245 7325
3579 7565
6108 7833
254 3777
8716 598
9968 8678
2393 1509
5188 5468
8934 9335
141 6564
1167 5552
439 4097
7306 4930
653 877
984 8189
1113 1593
1344 3564
1899 2142
6626 1170
8108 2042
6820 7418
2520 6216
3970 8944
9751 3736
3011 9947
3186 9640
6302 7167
5289 629
5903 259
6985 6615
9951 5469
8983 527
8118 8298
2399 1039
5080 5563
2412 924
2210 3635
693 525
7373 4349
2643 4147
9269 7002
9968 727
446 7675
548 8522
6002 9517
1528 4064
402 5999
5733 347
2879 721
3719 5736
9090 6814
8999 5027
5622 4205
3027 679
6781 6057
3906 5764
144 1802
6690 9099
519 9555
8046 8756
9857 5463
1228 1921
692 9112
9867 248
473 1174
9073 2504
3400 2192
723 4171
9182 704
8233 7150
419 3842
5626 1598
7732 7840
4765 4562
6123 5298
7232 7347
3211 1030
9566 1299
6204 3467
2699 7076
1944 3047
6295 4863
6726 6708
5201 2638
9724 5934
5735 6498
1863 7258
2847 9011
3427 1717
6669 811
1790 9665
8742 7136
4884 626
6422 1818
3677 5106
2161 7458
3011 8608
5299 399
7670 956
3769 6693
3071 105
5225 5137
3907 6583
9524 5889
7767 5885
8853 1437
3526 8470
2740 6640
9971 7581
9808 4388
1021 1002
8228 2958
7820 3481
8552 8695
9771 6964
5885 2077
8863 3420
891 3046
1196 7852
4158 1640
4442 6117
8640 1148
7678 7456
3607 5011
1411 8861
3569 723
3008 860
6533 1973
38 1074
10 4161
883 1922
79 9807
5269 9627
352 4112
4811 7225
8132 7974
9056 931
6680 3369
6227 5283
7312 68
1669 9074
7490 6526
4699 8331
2933 5330
668 3084
3272 7545
5710 3294
5093 748
2212 6147
1620 6163
1470 7566
4669 5487
5369 700
299 9367
7017 6560
4612 7350
8201 657
9406 2123
6014 1183
6410 4963
5637 1193
336 3108
1459 1831
2391 1913
2047 7235
1885 2675
771 4066
3592 7694
9363 9688
7872 5280
3820 6504
3348 6460
7336 3694
6877 4947
8537 1816
2817 3669
7537 8513
8677 6372
1164 2045
5236 9435
5095 2835
1131 8521
6088 7148
2812 8046
4953 259
5259 760
5200 8634
7325 6439
3315 683
8358 4420
8059 6400
9824 4659
4291 2525
2816 7508
757 9000
9135 6204
4266 3603
6248 548
7491 9231
3218 9113
2342 1975
4634 9253
1636 6127
9020 4833
4135 9963
990 5065
9753 5708
5502 8979
2990 8304
8679 7648
3321 6397
6668 4038
2085 1181
6018 6678
4569 6101
4624 2333
6595 9091
2919 1590
7151 2922
7344 2130
6926 4745
8767 934
5625 2213
4830 1958
8616 4976
1008 2179
2637 4456
225 4957
4670 4873
9943 4730
5859 2303
4045 1159
2997 3100
8183 9242
5958 604
743 4128
114 3920
3208 5196
2137 7357
9557 5530
1009 4452
9879 5139
5128 5730
8785 9370
6819 1284
9450 3614
4615 2101
5638 7801
5094 5906
9778 3395
6024 4310
166 3282
9014 5481
4202 819
9722 9057
4126 9015
5149 913
6233 5220
9520 1423
5198 3765
5506 6291
7825 1789
4813 9318
6297 322
5770 3667
7327 6301
5586 9845
3625 8237
4767 5998
8975 4797
8822 893
6716 4304
4700 9214
3704 2490
4259 62
1857 2441
8081 2806
4333 8955
6057 5029
8093 5564
785 7855
8746 5204
6996 7731
1091 8481
4339 8173
7584 9703
3633 1837
9258 7602
4188 858
4958 2677
7437 579
3190 1046
9327 9880
1893 3510
2299 9724
2200 616
3705 9162
7726 3033
9100 2275
4592 7728
9494 5756
2641 5649
3761 8472
725 9438
9449 9560
6288 5294
298 1450
7168 272
884 1606
9890 1555
4250 8137
2616 9447
4499 4046
5137 713
1300 8017
7800 5625
972 7159
2163 2807
2365 201
7624 2603
73 415
2115 9650
2982 3262
5616 8717
5786 3507
3587 6978
8238 1757
3382 429
7689 7479
6886 2313
3886 4056
3365 6143
472 6606
2112 9175
4117 5025
7228 1327
4165 282
9923 5656
2336 175
5666 8218
5135 5097
8757 2370
7022 7140
5293 8646
8756 2642
9352 8602
3192 7495
1633 6832
2434 7450
8829 5073
2696 4170
861 7252
8590 2285
3838 4733
3775 903
6493 9414
6567 4545
7578 2788
5530 8716
1401 1633
9632 5692
407 3518
3490 851
8720 2347
6596 438
4280 8584
3870 1586
5689 6208
1957 1925
9127 4582
9501 1359
6936 6882
838 2695
9451 3600
2261 5323
8911 3451
1770 2361
9365 7733
7634 7063
8641 5748
3290 2034
6430 3301
5669 4769
3003 9709
2478 8217
2265 8565
287 9993
7331 3046
6885 9409
817 9369
7043 7357
3749 2424
5678 7604
1071 9947
8713 777
1399 8556
853 4328
8062 4126
4284 5660
6014 7527
88 1412
8472 9757
9224 1067
1555 9303
228 5604
440 6709
386 2609
7658 9973
9957 2772
5299 2651
8092 1053
9478 8975
9658 9221
5917 2270
2745 9494
2028 3461
328 6539
8641 438
9562 3851
9267 4732
1041 3393
3523 8773
3102 8456
4157 1471
9274 5896
3988 9975
9663 5219
6721 7731
6990 8877
3296 8378
3333 1141
3871 6639
6614 4631
8144 7759
215 8651
7886 7789
328 9806
2686 9132
2304 6373
1844 7454
5738 1755
9303 7305
7810 2042
2236 5127
1349 4625
7019 882
7361 3237
2999 10
6958 5339
7683 9246
2184 5835
135 3924
6551 8994
9016 8251
634 8355
3691 1623
1554 735
9140 8890
54 7003
709 5345
2705 8175
3656 8010
3507 4826
3260 7042
9136 5018
7234 8520
2584 9180
597 8269
9943 1193
6609 6618
9368 7855
1082 7863
97 5035
7231 7961
1237 2868
2165 8256
7069 5744
8480 4187
7303 5334
2356 2733
1854 4354
6932 5520
4546 5899
2391 1777
3507 7898
3205 9653
9999 5185
6160 9115
6673 9595
4383 9911
5870 6278
58 5559
3356 8946
3385 2599
2822 8009
3873 4655
4581 6924
6586 6606
2425 1552
1584 7765
4036 4459
1662 1602
466 5348
9717 1296
3015 4753
3529 9998
6013 7768
8504 6188
4538 6328
7470 7268
1462 2991
9199 2055
3050 8800
297 3937
943 15
4476 8193
6586 8240
2697 4865
6065 3559
361 7736
3935 4806
1963 9609
1007 5132
9031 6094
6592 3322
5378 2771
8270 3794
1285 9062
9228 3119
7441 4421
5021 7120
1405 8738
9284 1570
3866 9731
992 1199
3920 6314
9698 281
4462 8850
1786 229
7511 1890
9559 564
2354 4397
7030 1187
3714 4552
6368 5938
4842 5494
1904 7629
814 2533
8780 4312
1003 2424
5720 2168
5860 8275
2256 8849
8849 4466
3058 6872
9629 4743
8076 9083
2834 2906
8317 6641
9503 6598
6006 3026
6273 688
4150 1713
2379 7481
2125 9012
3680 5479
3640 9978
4503 9491
8990 7200
1664 1996
9873 7048
8981 3430
2671 17
9109 9639
7409 3428
9820 2259
4581 1858
6521 6183
1970 9170
7493 6702
4153 57
45 3746
9986 2919
5190 3111
4070 1057
9760 178
2897 5403
6948 6924
6983 3133
3449 7139
6049 3420
2928 4476
7647 6054
4522 948
1766 327
9459 9955
3672 731
324 1061
2645 8487
9263 6791
701 210
27 6631
9949 6310
7328 2131
6638 5010
7038 7314
8607 3390
5306 8974
1625 1798
8032 3452
7503 2257
8839 3247
7214 4046
6906 2991
3379 7271
8317 8666
5693 1343
8704 4946
8878 1441
304 5229
4126 7396
1219 1925
2953 7346
6229 2432
4455 1257
8446 2862
4910 5734
9879 5947
4167 545
8443 6295
6663 9615
532 1360
9726 1280
9263 3094
3907 2657
9354 4358
4711 8627
9011 2704
6491 2374
9785 8828
7942 3826
7396 4686
6978 3759
9542 826
925 919
770 3707
624 9687
5290 3562
6530 8204
5686 7569
1459 6590
290 5746
7791 7924
3015 3429
4113 1787
1072 6806
4371 4684
8239 1363
3684 680
2158 7428
1939 7835
8332 3421
186 6643
1345 4498
7054 6721
3728 889
8310 3682
5209 8457
5281 4736
2478 8222
2126 7541
4134 3895
8432 7581
6260 5664
7372 7869
2440 353
4918 7427
6071 9534
4550 2809
6332 1044
9331 4440
6825 2540
5596 3828
1894 2023
5589 2735
9619 717
9801 8237
9578 1336
9786 8354
5973 291
3725 5775
7828 8222
4230 1379
6168 3468
6811 10000
4672 5454
9560 7542
3373 5865
4163 609
2181 2396
5636 7586
6446 7903
1069 7211
1467 6527
1184 6854
720 9686
7333 6309
65 6973
4104 7999
9869 2693
8459 4345
6659 6183
5122 561
5241 4141
8276 8944
9228 2372
8719 7597
2861 6288
7957 3944
1913 587
1616 5371
9042 2767
7238 466
4971 895
7630 7957
2108 941
8288 7486
681 6009
7011 7250
7712 9244
8778 837
236 2794
3313 3064
7718 8826
4632 5087
1344 4031
7355 2007
1933 569
6854 5104
793 4595
425 6337
364 4142
6280 8271
1074 5315
9420 5538
6557 1008
9653 5412
3434 1708
5347 9526
5282 2128
934 7017
7929 5768
3648 9432
5480 4882
7822 6415
5394 5833
6195 3319
8125 7182
8311 5820
5611 3997
9755 4803
5222 2901
4966 7805
6596 6798
5520 1232
7398 6532
1848 7132
7751 2804
3729 7421
8458 2626
3848 5100
2089 5538
3479 7753
9017 2987
4736 431
1072 4019
1519 3406
5008 151
5108 4010
338 7703
182 8977
854 4789
342 552
9379 2129
3172 3997
234 6899
5018 8407
8188 2795
4483 4687
5091 4726
1258 5142
2801 7913
9101 6950
35 4660
5809 6616
1455 7744
9052 6652
8371 2469
4564 4658
4810 8777
5464 2795
5043 4149
7018 75
1715 143
1266 3856
9634 5879
3418 9787
8833 8734
2435 409
7951 8124
6594 5200
9629 312
664 8588
1419 6665
4146 467
9478 1630
8476 6278
2736 2160
4764 4875
2220 7156
6384 5591
3608 9933
9853 992
7608 2789
4608 7484
1663 8786
579 7482
8559 9953
7413 9265
8922 8594
6542 7708
1620 2576
9191 387
8741 7953
1201 4747
4457 2073
5152 7446
2736 4505
6092 8234
8139 9333
4434 6013
5120 8312
1288 2610
9060 6463
5335 8706
4155 3732
7600 5420
5188 475
3429 1512
7129 7764
3357 280
5625 857
1946 9756
6770 667
5782 549
7588 3526
7000 2644
2331 3511
3319 9738
8625 9661
4190 4104
6367 6279
8582 1459
3193 6982
1334 6096
6629 5397
9606 5492
874 348
8814 9698
272 7925
526 7733
5883 4760
3198 2165
8795 7283
5300 2325
8671 7636
5739 9298
6252 8320
5528 8449
4856 4424
4379 5088
3359 6608
1735 6870
6127 2440
6436 4917
5512 535
69 6363
425 79
6765 9845
4783 1424
1292 4657
755 131
5070 7339
1949 9469
9007 2326
8968 7208
9691 9916
7871 3529
4423 7996
8595 5783
7641 7819
4778 6796
9758 8252
8602 4384
8036 8157
7382 3165
9094 3030
7319 7660
4360 78
6150 5888
1150 5741
5445 1022
4287 7654
2403 9325
5825 4927
1984 1426
6776 7136
273 6113
4202 5845
5350 6929
886 9248
6972 6988
2967 7689
785 8943
7178 3290
401 4696
9767 6867
2745 8668
8182 376
843 2934
7135 193
6087 7554
3361 453
4960 7061
3214 8073
2492 7539
7940 9689
4361 1994
9868 7725
8627 6332
132 480
9087 9003
311 7392
7484 2947
2487 2780
5882 7002
5497 3501
3134 4914
9898 1776
7536 2913
2479 5904
171 9497
2236 718
3341 9931
9827 7365
2223 9409
9356 301
4332 4340
6213 9624
5540 2583
4060 520
1514 8916
9556 84
6834 2981
9900 3723
1049 7061
591 7478
1891 9984
9077 7539
1981 4204
6075 1102
4696 3544
4382 4804
5054 9244
965 2729
8203 4777
3065 2216
1892 548
9706 4999
756 8978
712 2642
4774 2074
9276 8837
779 3118
8223 2457
4874 9864
1160 7874
2673 9861
5626 7950
7234 581
205 1575
3770 148
8271 2338
9883 9344
7913 1626
2994 6295
7164 4400
4459 7971
5418 9788
7628 8723
4594 6912
5030 3944
1124 7804
1776 4544
9268 7822
3055 6078
9173 4363
3380 8610
1214 3365
2580 2241
3504 432
4057 30
4526 8993
3625 8870
2390 1700
3064 5142
4701 2476
5332 4761
4991 1888
3459 7555
8617 6872
6025 8632
4511 4957
3790 6728
3416 2998
7343 6804
29 7027
9720 2056
874 3955
4980 4084
4630 3018
5691 7022
4693 5856
9639 4212
4954 4134
5488 4588
7946 1141
5186 7881
2121 3406
6325 7773
8801 6791
1746 8298
3098 5712
3492 5558
9755 5807
5573 9761
7273 4766
1167 4620
9105 7178
8691 2243
3454 2842
6374 9350
3379 6672
1858 6490
4618 3586
6837 5848
1186 337
2633 9918
8246 530
7931 7890
7066 2070
846 5767
3313 4384
2880 7755
4009 1248
5063 9125
5158 5416
157 7381
6582 3421
3888 6911
9715 1997
6754 3933
6171 6900
2661 623
2053 7630
4650 2325
7838 8160
1672 5801
8779 6262
7698 3563
8971 8692
5494 9878
7856 6619
6291 486
1730 3116
259 2157
2915 3675
4709 5515
2001 5127
3784 2078
4036 9862
2799 5574
8984 2002
1977 2607
469 1018
4721 7351
5397 7948
686 4417
6001 5560
3223 4702
6903 9674
3323 225
6209 7411
1742 3408
4323 8916
5954 8340
3557 7310
8529 737
2867 4745
3936 9598
5191 2219
2558 8584
7864 8084
402 1791
3669 2136
8902 2804
6689 3786
6312 3327
9792 4421
9905 1934
8401 579
4072 267
8167 6833
5343 1676
637 6942
1259 1706
2039 2521
9033 7119
1748 6633
875 4369
525 9741
8213 4213
5816 3247
3428 9138
7553 3926
925 8102
3144 2951
3190 1344
8725 5395
1762 5791
6655 4927
822 8564
7524 3251
3778 4766
214 7071
9920 663
962 6049
3021 960
3356 5795
3887 8000
4841 7947
9890 7386
122 9125
534 8488
119 9990
4852 8526
1549 6498
1989 523
9389 2534
9699 85
6600 4985
1942 61
9956 7743
8806 1004
8901 9212
6560 7363
4564 3538
5125 7219
1116 1446
3300 7394
5764 6320
1351 6674
3929 3815
3155 6440
2693 483
3104 7106
834 7362
2195 8112
239 5794
2045 4861
8982 5689
2450 3059
5515 1272
7088 4800
7352 3061
1259 7947
7319 251
4963 9290
7126 6108
6115 7762
8335 9098
1512 279
3845 666
8121 9273
2482 9263
5363 6172
8011 1728
1077 1500
2561 7785
2899 274
4598 8072
5321 9722
981 4318
8765 3283
7992 2285
5314 5984
3898 3064
4678 8145
4538 9394
9323 8334
8158 7865
5347 8512
3722 2371
1941 379
2993 4931
7268 7706
7055 2132
5201 7639
9522 5650
9119 1065
3243 1680
3088 8684
4350 9575
6128 7149
1425 2911
5968 8646
9941 2820
60 4446
4092 5742
4974 5581
969 370
5178 21
3261 9174
3865 8461
4755 3799
1412 3806
98 2413
709 4116
3044 2919
5108 5073
6237 8279
8248 376
8704 2770
8263 8958
5612 9592
7482 7337
1806 8120
9281 406
1015 6445
9277 6081
1887 4716
5191 4714
4716 4831
3316 5069
6494 1637
9675 5906
3663 938
9449 4968
2485 318
4172 9229
3033 1821
8821 1403
3690 402
6317 7808
6628 5368
8997 8665
4836 189
2273 2446
6987 5790
8696 3181
7070 6324
3275 3653
5632 8919
2185 6254
3769 2057
8106 971
4255 9479
9480 7407
1931 3179
3031 7831
1288 6458
7230 788
649 3604
5303 4801
9563 4220
6401 2274
7955 1510
272 5485
5966 6587
1635 3769
6299 6736
9293 8347
2573 1261
9834 5994
4264 3171
9953 3924
4665 5237
645 6272
1352 411
6191 6795
227 7734
848 5215
7616 5419
3751 6345
2612 4575
1489 9835
8363 2957
9270 6986
3358 6986
769 6694
7556 4664
3760 4177
5813 7636
6286 7579
5886 5645
5937 6748
7370 4138
1403 1064
3737 4210
5779 6321
5335 4253
7166 6753
9553 4571
4847 1574
5696 4209
6285 1993
8737 4563
2805 2960
3403 7696
9295 3565
3878 7718
8368 4735
4935 7706
8973 3378
1246 5272
971 9890
4476 7381
4058 3443
5662 2607
4000 6341
3359 1908
9288 8889
7501 8425
305 6297
4677 3393
5438 9098
7028 988
7281 7251
6834 8637
4228 2832
1691 5733
1667 1304
1820 5523
4695 9001
501 202
9523 5090
3863 3232
4242 6235
2551 4261
9521 7035
3609 9469
2011 4864
6980 4028
1724 5450
4869 7295
6597 8727
3139 515
6857 4679
2974 5960
7959 9620
6775 3839
3489 6206
3647 6193
6562 2322
5644 3030
446 733
2100 4543
8679 2454
1171 1551
1211 188
349 8809
9882 3894
3244 7496
1334 7554
715 6334
8947 2357
743 8408
4357 980
8867 1122
8835 2489
6423 9106
9261 6863
5925 5784
1340 8586
4955 3872
2407 7573
6342 9066
6677 7925
3992 2650
4475 6175
7309 2208
1226 2359
9294 7895
5151 9611
439 7031
9195 3715
9026 6607
7112 1
443 5170
5924 2059
7497 1513
856 7598
9931 9602
3540 5267
5547 7586
4193 4488
565 3589
4393 6637
6955 1055
8578 4579
8231 600
5591 3947
5708 3311
1549 5139
3567 39
7340 3836
263 5815
3579 6675
350 9489
5856 9326
6455 6508
4997 1638
8081 8793
6817 651
4003 1479
3544 3184
8990 6084
7313 9068
4032 6835
3653 5245
2891 3265
976 7608
9849 3241
4734 7852
6046 8953
5647 9806
3822 2254
6537 7440
7168 4409
5479 3911
9954 3813
7511 6765
8665 9593
7406 9754
8109 3612
2653 1849
3588 4316
8930 9827
7358 1038
5428 1653
6054 3416
5763 5978
7652 5658
2471 1666
9339 2090
3159 2250
6033 5793
8855 4816
1239 1283
9733 7980
9113 560
654 1034
6289 2530
5598 4261
2482 4317
2774 5087
5526 3654
5411 837
9167 7873
1264 4834
6645 6471
7238 6786
3715 9466
2202 2457
5228 1141
4904 4585
4278 9299
226 4985
4965 1107
9527 8226
1446 9036
4270 6089
6316 5502
9654 3190
3355 4154
3106 2564
4291 5882
8512 9287
915 5574
6102 5174
4082 5131
1602 7201
7818 2175
2726 6730
2202 815
4905 8555
6123 341
32 2346
8560 8134
9298 5074
2153 3723
9316 8820
7657 1889
1965 2401
4237 4071
1946 4938
7099 8885
7706 9222
2184 9917
5484 618
8519 7899
3949 6954
7920 5104
8309 3010
1186 7743
7807 3717
9416 1263
8076 5430
1364 5080
3677 2774
2361 4847
9588 3370
589 3109
4612 4975
5634 9224
9107 5148
5470 9749
9071 7497
8621 9726
3995 6182
6570 5440
2220 4174
805 6722
7863 6078
5269 1173
7168 8330
2963 3561
9727 6487
3887 9046
1966 9542
6245 3194
4140 3756
9058 3542
7215 9052
8662 4847
841 2524
2036 6333
4284 2592
9426 7942
5121 5033
2869 3246
2313 4220
1806 9062
9918 4719
7322 4931
7730 9571
6407 9429
2702 6929
3289 1375
8477 719
1087 9073
3094 4119
2231 3569
3559 2235
6299 3656
6077 4558
145 723
1946 4359
7963 2438
3043 4450
5681 916
308 2886
2615 5083
6074 2374
4290 1580
8314 7624
246 7566
4959 6628
9217 3622
8726 6855
3416 7960
9293 8898
3725 2980
4235 7771
6960 1133
1514 4872
384 3246
596 7165
536 2099
5960 2141
4574 4099
2008 6949
9110 9752
7199 9641
8770 3152
2470 8622
601 4199
9140 1355
3644 9660
9992 2523
8802 2581
9866 5562
4727 7211
1859 385
4430 7074
1752 7549
2316 6565
2222 6247
412 2692
7710 5593
5826 2000
9135 2785
5400 2739
4144 484
5931 455
1379 1940
9281 5181
5230 5697
1181 9716
5569 847
2940 5994
7029 443
1013 328
7409 2696
2252 366
8379 7711
6703 6266
8819 610
9701 4267
5276 8475
5682 4988
5474 5635
1971 1950
7989 8288
5501 3070
1744 434
2984 5966
5792 1813
899 7850
9399 9439
7908 3319
9713 7450
6647 1930
3817 8448
2295 3444
4096 2182
1149 2595
447 8896
7831 2629
1824 4685
8970 7908
13 8754
1006 678
6363 7448
2845 3832
6328 1591
3663 1021
2968 8038
1465 804
7614 7858
1393 2811
3718 7230
7412 2045
7171 5307
6081 4756
3060 4433
8382 4518
8389 1656
1723 4360
7176 5367
2915 9297
4800 8804
7941 9456
5641 9750
7635 7494
4055 2980
5676 58
1927 3641
2316 8103
3256 6797
8130 1480
327 3320
8119 7191
3690 2529
6702 8870
1578 1128
725 6186
3279 1745
4982 1757
5024 147
8177 6137
9229 8641
330 2402
7519 124
9636 2282
9268 1293
4989 5543
3114 7488
8081 4547
2332 297
968 3862
3174 442
3972 2512
9361 4106
2170 7012
4680 5279
40 423
7854 2066
8841 4282
3309 5679
1711 8817
4123 5084
4911 4788
1773 4264
669 1947
9044 434
8082 5871
2173 3031
5511 8525
1790 2740
8857 563
7184 8324
5120 6744
6720 5037
3709 8067
4033 9029
94 6412
3483 9647
1235 9776
5346 9301
6794 4119
3299 3862
9578 8770
7655 3145
9071 4984
8423 4622
4692 2207
7301 9122
3866 817
7944 7367
5325 4833
9702 9681
9708 6483
2019 7843
4236 4706
4631 4228
7128 74
4406 2217
6953 892
9420 4969
8095 6129
6276 5672
2774 6138
4990 7111
7325 6604
3487 8896
6491 7154
6101 5365
6867 6785
6305 8538
2481 2215
2687 9008
7673 2347
6800 7726
9600 630
1375 4334
9014 8365
5564 8682
719 2148
3013 6632
4921 3974
4939 7152
1106 469
8585 5901
1279 5056
751 5042
1273 4440
9790 5326
2617 4107
7194 4560
2554 1548
4279 1193
243 5932
2375 4353
4770 2224
2538 5418
2828 6237
3802 5731
9882 5017
8360 2232
4241 9060
1242 3950
4792 5131
7613 601
9247 7082
8920 6223
1624 7257
6968 8715
8701 5393
9728 2865
742 4893
7169 2418
1160 5551
9407 3670
5773 7419
8266 6929
5481 3074
6832 4221
7909 4893
4829 808
1180 5745
8266 6660
234 9882
5040 6671
4919 1335
4433 2353
8161 1064
4478 44
3079 8982
3697 1674
4247 1330
7285 8384
3764 3438
6041 9592
66 7498
1732 4977
7720 28
1448 9913
4717 4944
8680 7136
5517 3588
2797 2422
7271 6848
722 985
2968 4463
4339 1081
8986 168
8524 2766
5729 3925
108 1233
9870 6317
7419 5895
4482 8969
7715 2225
4115 3121
340 5244
9522 9093
5326 7941
5905 5672
7017 6532
6194 7258
115 4179
8478 6443
9167 5727
9004 2249
8978 2329
726 6221
5166 8167
4117 7418
3583 9395
4121 8595
8297 6588
3928 7765
7799 738
9703 7435
2935 8073
3719 9968
5616 1890
3969 3638
8856 7362
8191 1772
6915 4138
3163 7898
4877 5757
170 7308
230 2453
4941 2781
4176 9176
1966 1619
4069 2180
3810 7147
6658 9898
1190 5715
9702 1230
6395 9034
4986 5872
449 2314
4342 7191
6501 4320
5276 2317
5560 3250
3800 6496
2621 9158
5552 9235
1506 6534
8168 5487
9746 293
2569 8757
3647 3114
4296 3674
775 5808
7729 9390
8277 9826
3438 7297
9804 2942
4283 6519
1155 2240
8162 8599
5247 8194
5035 1073
4318 2377
1367 700
7857 3219
3097 2183
9792 8191
8875 4876
3394 2589
6853 8531
7945 1638
7729 7979
7658 2972
6461 2306
2309 9562
7650 8495
7454 136
1378 7149
6828 9291
4586 4168
5044 2749
8460 1236
1011 8862
1425 1153
3254 8300
313 2054
480 8073
6092 7967
4676 9584
829 4948
1935 8033
7662 5389
5964 8989
4413 2858
8007 7407
2316 9675
5077 8537
2121 3503
4875 676
993 7924
6682 9505
8256 3591
5804 3172
5226 5842
702 2276
4066 221
6970 1679
2142 1685
6447 3971
4659 9979
8752 3740
6780 5709
6930 233
6176 6102
5207 8862
4683 3465
9583 9569
3276 9869
5236 4347
1827 5299
1581 6405
1461 5648
1618 2844
8830 4208
9060 2717
1667 9315
3358 3906
7716 2329
1024 5199
5273 4787
7041 421
1116 4878
4784 8897
1307 495
6932 8777
3755 9219
2057 832
8597 1946
5605 9126
7939 8321
9558 3228
1849 3528
3630 203
4952 8435
1709 7001
2568 9280
6452 1262
3375 1707
6502 7254
639 9653
2787 9737
1574 1044
442 134
4992 6402
7472 1817
5974 4694
6172 9583
8639 8200
5612 10
768 6778
4674 1281
2956 1522
5467 5
8582 6021
4600 7795
1308 2224
3038 6228
7378 1463
1627 1915
6615 5948
8306 9545
5479 6392
9962 7962
8294 7637
8181 8271
3457 3799
6851 3682
5186 4407
5572 8934
5439 4901
1395 6675
3730 8832
8035 4887
9313 9534
7634 5498
5675 790
3681 8911
7105 7181
3462 3330
1079 5727
7773 6260
7577 8679
8250 4835
2048 7555
3996 520
6816 8165
283 2947
655 2247
8969 1613
1429 3020
7237 8667
631 4870
256 3377
2068 2160
4885 621
5828 1899
3433 8023
7682 8770
9178 7462
4597 1555
5873 2606
4283 3475
8435 3781
6908 4459
4599 3564
2123 559
7678 8248
5152 2602
584 3475
3571 7952
3700 6532
3199 2184
8032 6050
4691 9961
3948 9512
217 2987
3825 1466
1176 6570
4415 9022
2635 8332
8764 2366
4305 9510
9858 6934
3624 4986
529 8669
9237 1818
9207 1846
1930 4868
8159 6887
6556 4517
6638 625
7809 6144
3156 5953
6613 2182
8482 9497
4514 8051
4481 3270
393 8794
9582 8803
4332 4276
4618 609
1222 5161
4132 3108
3955 2683
9351 2159
4850 4725
1720 5075
810 293
7763 6146
883 6384
7079 6099
2406 1394
9499 3582
3679 2134
4140 7314
4559 3239
332 7391
228 869
9341 66
5859 228
8370 3593
6977 4023
2110 1239
1081 9586
5677 980
7269 7468
109 5117
5391 9832
6521 8040
9485 3313
1085 205
1921 4163
114 3316
687 7713
1567 106
3695 8347
5756 4374
5947 6023
7977 1884
7612 5463
8515 2897
2072 5138
2279 5004
6783 1983
4695 8980
8854 7069
9053 35
4920 6852
5391 4663
5245 457
9997 4631
1191 85
3726 6567
6683 9520
794 1221
730 8922
1907 6938
5155 7892
1449 9308
126 4654
5527 2877
1520 5507
8079 6891
8067 6119
7627 1925
4470 111
636 5781
6026 6114
837 9491
8808 8155
7897 2800
6883 2347
131 7090
8737 9384
4127 4147
2904 2320
6790 4487
798 5303
841 1825
6720 2111
458 2106
7033 3742
5230 2806
8336 5576
1992 8307
2767 7078
6815 1020
9811 4621
3461 1184
4719 5525
2321 4845
5753 1850
9515 6730
3420 8219
8501 9658
4429 7083
4078 3128
8190 5113
2706 2032
3609 3368
3543 8710
1196 1943
6918 7553
3747 1139
7177 7871
746 624
5810 624
1508 9062
1278 5061
2210 5677
9435 7617
7188 8035
802 7432
2070 5169
6584 7580
8927 7582
7652 7143
312 5491
3034 3247
13 254
7359 8877
6531 531
6735 1316
3884 7327
9671 9351
4688 6694
2217 2667
1391 8508
4939 3904
6491 2429
5167 433
9677 7985
3621 5615
9375 8393
2595 7371
2507 9828
361 5675
95 8536
7866 4627
8721 1167
1222 6897
4418 5286
4439 5942
1555 1999
3087 88
442 7618
3447 8220
7477 5841
7388 8776
4744 502
2086 444
8887 1665
2459 4037
1638 9209
2062 5707
8362 2690
917 8816
8129 8664
8971 7235
5064 5001
6278 286
1803 7116
1328 8758
4443 6789
4046 8325
8266 6681
7118 7924
7240 2609
6551 3182
8489 5096
4904 1197
9152 7500
2916 9637
9752 9357
8203 7814
2842 2392
5402 542
1019 1148
1264 1503
7720 5421
1070 1294
6637 9843
516 1833
5600 7933
3891 478
7693 189
9893 7100
780 9922
4117 5803
1119 7680
1248 2902
4723 2345
9893 8043
6987 3086
4282 7226
384 2496
2526 8266
9347 8074
7395 6211
5643 3239
9274 8935
5218 8939
5808 7326
2440 8942
5655 6210
4226 1091
9731 2260
6879 4793
6249 5444
6173 7950
301 1693
8656 3487
6422 4606
5942 1706
9092 9603
9181 3782
7917 1452
3233 8653
9915 1386
1350 2313
6451 2015
2256 2480
5480 1324
6714 5607
4333 7052
4136 9610
3948 7064
4226 6256
5835 9809
5524 8489
9858 4234
182 1110
8645 9822
30 9225
6806 6455
2981 5424
4537 165
9979 560
800 9113
3776 6116
3229 3752
9500 8213
7394 6585
6569 2624
2544 5011
7644 1649
6059 3537
4827 4814
4002 4254
8987 9305
5162 8971
907 3992
1293 3835
5961 6803
3314 188
5471 6317
1701 2332
8888 4740
9487 4080
961 25
7215 9055
9243 3431
2541 9494
201 5852
6413 8842
5850 7543
4700 513
2271 9981
8477 3567
4791 2255
537 6429
2628 477
4767 7893
5206 4160
4467 1887
3614 2085
5894 589
590 6839
6471 9969
656 6831
3626 5832
4798 7554
3054 8006
111 3976
2898 1712
4188 7504
7789 2377
4182 4212
8655 2857
6510 9111
5952 3127
9729 9585
3922 3127
6043 5228
1093 8017
1409 8091
5943 3798
6339 4353
9865 2972
7676 45
8707 4069
8732 5161
4375 8026
8905 1210
1906 5680
6631 1366
4941 952
8987 8455
3524 928
5223 2927
3249 3534
8414 1596
5382 1688
9150 8180
8342 1670
3830 5662
2255 3951
4303 1383
9135 3773
5887 4846
3872 4371
2167 2335
2150 3837
7710 7346
3839 9329
6716 5636
7156 1231
4370 2969
5015 8964
1137 7439
151 7509
2692 5729
5864 8632
1975 3273
7153 136
7616 9718
7105 3891
2492 781
8150 804
9514 7122
5016 6885
6883 741
591 2305
2899 6574
4171 9306
8684 8045
332 7865
6555 8139
6300 5452
2198 1853
8988 946
2706 573
2369 5020
4729 7799
1842 7982
9696 5707
6482 9381
3546 3975
7391 2448
8339 260
8270 3515
3081 5395
8210 3320
3304 4605
6218 2019
5917 4721
6517 8174
5719 5650
8811 5622
8433 8080
2378 2518
4840 1998
5144 317
4009 206
2242 9170
5726 6914
5423 2699
9923 6377
8516 5067
3322 2477
9688 4768
2234 1512
3610 5830
3277 9664
4866 8658
774 5869
5728 9176
7745 2448
7060 4099
3279 8737
1782 4846
2066 1917
7883 9562
9871 8500
8104 7944
1760 5989
9979 2685
2063 6441
2832 8310
5322 7273
6185 4
5773 3925
7024 2106
6827 3987
5770 3005
7383 6540
6268 4610
2389 4750
8550 6939
6269 674
2383 8918
9733 9235
4808 9449
5578 8933
2171 6111
2001 7926
7467 1704
7830 3334
856 4949
289 9631
2293 7631
219 5414
9712 3356
1806 5822
524 6934
6285 6287
77 7538
6071 8446
6954 1948
7141 6209
1381 8277
7817 481
9292 7420
287 6213
7793 117
2335 3002
8283 4232
6428 7278
4337 9428
8629 4744
1037 127
8484 2299
6591 4209
8619 5816
6805 3414
256 3724
2715 7312
187 1477
3360 9287
5398 4354
7571 2415
708 3453
4896 3576
4471 3894
2195 5790
2419 7692
8154 1028
4457 5665
3611 1771
8885 1209
1855 3376
484 1698
2041 2258
1915 3482
5722 4001
5369 5340
362 1779
7988 9759
307 6197
5311 1056
7602 3549
8077 4406
1770 3742
2135 3071
4447 1808
6102 8958
7773 8064
8326 6483
6130 1258
1884 7616
1584 1689
3800 1775
9336 181
6559 8447
9651 1579
2874 6503
3754 1905
1632 9860
1735 2854
7590 6011
3183 2017
2951 3526
25 164
7695 1279
2106 8491
2272 7341
9850 4730
7853 113
2354 9864
4364 1775
3576 8343
7580 349
6047 3379
5459 6520
3392 2673
3626 5148
259 6796
2001 3285
1664 289
8960 8996
77 3338
8366 737
8793 9266
8710 2166
5472 6896
821 6190
6685 8262
2215 202
9038 8899
5177 2661
5524 3075
3312 4651
8886 1394
8187 8266
156 9104
3012 7710
2840 3165
9459 3626
4644 1507
6856 2712
1460 6839
7215 1552
5294 4656
7097 2275
7526 5056
514 3154
3715 9798
9319 7606
5857 8959
8373 1440
3951 9400
7206 5806
3260 8579
2287 5095
6199 4868
6845 2107
7357 2012
8070 3049
1772 8651
3844 5204
8961 2244
6672 9486
8184 2745
8487 4489
2760 7216
6046 2386
489 7077
6787 4530
7371 9334
8995 5547
9455 305
4462 3814
457 4731
8177 5353
4671 8457
3101 6378
9597 2125
1135 2002
1330 8019
3301 2474
4364 1435
9361 5230
4795 8949
6811 566
102 4123
4252 4513
4828 7882
924 596
6191 1372
1504 3840
8936 1823
3059 3201
2723 5731
5476 9163
5867 9981
5432 5690
3606 1277
1123 2946
8694 4259
5754 284
64 5639
1920 4896
7610 8358
8503 5148
9068 489
334 4916
9191 8541
3703 1101
647 592
1168 3120
4760 3599
3620 9630
6424 121
7835 1486
3859 9154
8867 4129
1476 1755
3825 2871
7011 1743
157 1509
8160 1383
245 2935
4061 3073
1951 9241
9171 9463
905 8947
3367 3161
4895 4849
1915 8397
7481 9392
7767 2910
3893 1389
4805 6651
1015 4336
4583 4222
3337 4955
7461 3332
9638 9395
3540 2739
3842 9725
1627 7569
5720 4596
4957 58
7339 6189
775 3735
6098 9245
2458 5450
9285 4541
3659 6234
462 2225
5651 3432
16 5264
9709 9577
2394 3723
6051 4025
3097 7953
6158 8594
3593 1811
8419 6733
3095 277
7255 8816
1860 2483
1042 3051
5828 2257
9957 404
3963 3540
8635 9921
3053 6993
7009 7552
4268 7089
1497 8733
185 7669
8649 6197
6998 2684
5701 9504
7972 8893
5823 6825
5401 6509
4969 4404
1082 7552
2769 7707
2897 6483
7580 4958
2649 2605
6115 5751
5675 3835
3076 8325
8712 4086
2866 189
6949 5657
2931 1068
1805 9289
9863 1341
6801 8628
8788 779
1473 1563
4896 1906
4047 4179
9568 8980
903 8205
868 2247
1678 9525
6717 942
8366 7595
7762 1657
8348 6327
1900 3204
971 6750
2250 8088
5225 8466
9448 7590
3926 7244
1315 1517
149 5309
5478 9160
647 5382
5533 6626
3123 8376
5355 1717
7171 8806
7824 4185
3534 6380
4001 7155
5817 4808
4426 1084
196 5219
5111 4795
3889 2926
6396 6037
605 9887
5939 8219
958 695
8596 9034
241 2664
2959 8182
8025 41
8299 9436
3325 6966
518 9088
1912 4906
1211 8312
9697 394
2743 7537
8542 8617
5387 8072
8851 2052
8927 1968
5717 3940
8146 5765
80 493
9309 4088
6421 2729
3900 2087
5135 3318
6708 1495
1782 7354
1539 4705
7274 656
1524 6203
7332 9163
4179 5198
2138 5028
8503 5474
2845 605
966 7084
1409 1316
8837 5124
7243 7620
3839 922
7438 4738
5014 8402
5358 726
9307 1137
6844 5667
733 5569
462 2954
7088 6329
4183 4723
2712 343
8406 1966
6189 567
8654 9612
