10000
3128 8696
5395 3261
8340 1610
2377 1762
5395 3761
4903 8892
8068 6967
4448 98
64 4297
3474 7943
9868 3118
2837 1220
4888 8924
3894 1677
6837 9604
4514 8924
6854 4381
5240 6319
7155 84
4316 3517
738 6675
1 718
2466 5347
5714 7443
5347 3260
6854 1802
1773 5242
5599 7101
8074 3243
9012 7602
1199 1610
5714 5335
5395 1
6802 2765
9299 1990
7675 1
3109 1160
9332 9169
1 1243
7133 5395
995 9962
3894 337
7358 5731
2083 2502
9975 1773
8976 1465
4103 1773
2765 2872
6736 6013
1773 4055
4146 4061
5362 2565
6854 6335
1610 3492
8428 20
8068 8957
576 2851
6036 9735
2368 4001
4395 9200
1 1762
9256 8611
1 7300
5704 9395
9023 1
9226 2627
8068 9757
1718 5236
6854 3757
5240 8367
8611 4641
4681 7072
5132 4831
1220 3376
2709 3478
3513 66
9643 8883
6854 7987
4209 84
8068 7425
8701 9973
3307 3270
5469 8068
7982 8611
1160 866
5064 2038
4507 9167
4297 7694
9013 7411
3807 2427
7303 9395
1762 6590
1220 7758
2487 3809
3143 1
5733 4022
5414 87
4146 3319
8640 9587
1799 3541
1773 6557
3604 1301
9322 4100
4345 1
4774 6854
1308 4841
2256 2161
1 8911
7620 1
643 1882
1 139
9383 1
2540 6209
8611 856
5413 1301
5395 165
5649 9510
1038 1762
4489 1773
5369 1762
1160 6650
1639 7010
995 3753
8743 8837
8428 5484
4127 9980
879 3118
4781 6854
8430 8068
5395 2865
2689 502
4146 6848
5619 3757
9594 615
7396 669
4674 9285
1799 7765
5007 9433
4369 643
8800 9253
995 201
9511 9285
4894 5714
8231 4197
1762 1186
5831 994
9109 8428
453 8611
2754 6854
5644 2709
9395 3299
2565 6542
2083 3330
1892 1595
3333 631
941 3861
8611 1125
67 6854
4197 1640
375 6520
6314 4257
3145 9129
3925 1
8950 9369
4739 8696
9029 3645
9395 4517
2890 1
3080 1449
1 1200
1350 2727
9200 6587
2554 4807
6416 534
7391 1773
7592 2064
2421 1301
1762 3850
9272 461
4146 2000
2179 8068
4429 2727
7515 1617
6013 3625
9395 8006
502 749
6031 5240
3885 9129
5513 8580
9410 995
5104 4146
8944 1773
8247 1773
7101 4535
488 7010
3447 8611
3459 1957
7742 6355
6865 8611
8403 2511
3073 9129
2612 7879
6171 4197
5240 9766
5784 1762
2487 3203
8288 7010
84 2791
5635 6854
3364 9012
5818 7631
6854 5653
6593 9395
2360 8068
3053 84
1 906
2083 315
3951 6045
8611 5711
9571 3839
8199 5731
8223 6854
3684 1300
4831 4504
1212 4386
9394 1773
1762 6581
1160 4202
5567 4297
1232 1160
98 2132
2474 7010
6061 9841
8401 6854
2751 1773
1160 1761
1762 2002
161 9200
839 4297
2487 9830
8068 6960
651 8068
1465 9302
8235 4297
1 3831
5577 995
1465 2776
995 267
9395 3216
9431 8068
4100 2299
4196 2083
8031 1
8071 8074
9405 4197
748 2940
5738 1718
1954 7933
1 4114
2765 8749
1308 9563
4507 2015
2487 2769
3424 8544
6765 9129
2294 5395
7048 1
1762 3779
5046 1718
362 1465
6872 390
6804 9907
205 6132
1773 7081
2018 2083
5831 5337
8892 974
2487 6165
9970 1773
1 7507
6854 7306
944 4507
84 5717
168 4022
4507 8356
7072 6419
1 2059
463 7879
1301 8686
4831 5281
1 3133
5299 7879
6854 1308
4146 9296
4197 6887
1773 4074
5395 8558
6415 502
6359 8068
1160 3507
1 1830
1773 3442
550 9012
3619 2487
6606 9510
4146 1656
1762 2409
9253 1471
502 7612
603 9571
9591 9395
9571 7953
1465 1737
208 3757
8074 7715
8726 4507
8425 84
6326 8068
416 4197
7072 6774
1449 1
6133 2368
9433 4643
5731 9460
6255 8837
1893 3270
7137 7010
3517 3825
1762 4632
1558 5395
84 1385
4977 1301
4297 4729
4099 2083
9414 1762
4507 2134
2629 7283
7549 441
3863 7742
9023 1828
5500 5186
3093 4146
8844 2565
44 8611
4197 7717
5414 8739
5289 995
450 1301
4193 8611
4143 9493
4197 2091
2565 368
1799 2546
4664 1017
6086 6837
8837 8187
7430 1
7628 7681
5808 3983
770 3573
8701 1940
3574 7933
670 9129
995 5726
502 870
2076 74
2203 7549
6488 1766
3684 605
7158 3386
4197 293
4605 1773
9233 7879
4269 8068
3277 5240
4570 4197
8611 4267
882 9571
2727 6855
4906 3118
1554 4076
6879 390
1748 5347
5395 8496
5627 7010
2073 7879
7199 1301
4507 631
7452 5240
7388 2765
1371 9200
2665 84
7010 4163
7191 6200
1799 221
4760 7212
669 8479
1085 7628
502 3157
5716 2487
84 953
9395 8759
3437 4307
5366 1682
4672 8068
7947 8611
2189 8837
205 5879
1766 6078
9150 3648
6854 9029
1773 7522
4602 9395
2240 1799
672 7212
738 6666
6854 1446
3402 7018
3773 1160
5802 84
3894 1
9200 3066
2995 8611
1773 3094
9907 2647
7010 1464
1465 1675
3671 8611
8611 6494
7347 8696
1766 3420
6854 8115
2487 2422
2927 2038
1301 278
8892 5721
4265 3684
7239 9490
8696 1211
7869 6854
4059 6854
808 5395
7232 5731
9597 6416
5731 5581
8929 1762
5153 7262
8904 9200
9433 7241
6959 6653
1413 4127
9907 6204
7010 1509
9832 2765
3894 638
9194 4010
2587 9504
6519 4146
8611 7756
9587 4427
316 7879
8339 6854
1308 8121
5378 2752
5961 901
8701 3368
5731 8752
8900 5414
1359 409
1165 8924
3591 8068
2765 5605
1301 5114
1762 342
7631 6732
5395 709
1160 1500
1482 8701
9907 3090
1430 6267
9844 288
8160 1160
2083 4219
1773 1638
7867 1465
8068 8466
4338 5643
84 6075
6874 5130
7933 9541
279 7549
5178 627
1160 6703
1 4886
5919 2709
1 955
1 1105
4507 7367
4110 84
2083 5212
1 8611
8068 8733
669 9126
1996 2851
8140 1799
9169 249
2565 258
7539 7191
3130 2368
3522 1773
8018 1595
2487 7009
7010 3480
4836 669
1439 9979
3468 5240
648 9129
5849 9023
7527 1
1134 1773
9136 9587
4100 7307
4022 6170
1610 229
8611 1848
6209 18
1691 1465
8996 3573
1762 3371
3404 1301
995 2206
9510 3017
1030 84
6911 2368
6560 4197
1 4146
3255 1308
7968 1773
740 1762
4507 1988
6854 1116
6837 5667
2721 9587
7476 7933
8920 8068
6885 4146
6166 8211
6334 1160
4507 2420
222 1465
7392 2565
7010 3410
5430 5984
98 4077
1 9847
2666 6574
6566 1610
2752 5475
9510 5652
7547 84
3894 971
669 1459
2986 4839
6564 9012
6994 1762
8974 9169
1301 8196
9571 9242
1308 8069
5366 2770
1773 8416
3986 6854
1787 4507
84 8426
9620 6854
9471 375
8068 385
1317 9571
1160 8766
8611 4652
9100 9200
502 1321
640 7487
2191 5395
6128 3098
634 7879
5148 7631
7933 6429
3176 1220
1242 6854
7614 1795
8068 4181
1773 736
9012 8718
7267 8428
1301 7063
6776 1
9135 1773
8687 1944
8068 3268
5186 2962
1 8794
6988 6209
5968 7359
5366 1903
2487 7659
2765 1048
1773 3192
9428 1160
8143 6854
1151 7191
8068 4549
9620 2107
669 399
7411 7393
205 2495
2823 5831
9012 9255
4452 1
8096 1773
7072 8215
1160 4499
7191 8418
1 9129
1 8781
9789 3648
9156 1773
4197 8245
4338 850
5395 24
590 1260
3250 9698
2752 4487
7159 7879
2765 7571
5091 9012
7583 1762
3648 5705
7210 1
7461 7879
1308 6523
1593 2083
1301 9802
4284 7010
1465 3042
4197 7577
1610 5973
9502 1210
5147 643
6854 5123
2765 8432
2083 1066
7524 2765
4173 502
2565 8076
1 6526
7787 7152
8670 6513
3684 8655
3500 1762
9200 6112
84 6036
9183 7219
6059 6461
7212 5888
1779 1301
76 1773
4376 8837
5240 5049
1301 4843
6837 7113
5840 8837
6424 2487
4038 9571
9424 4741
154 2145
7487 2039
93 502
2355 8068
5395 1129
7152 5532
5240 6652
7283 927
1160 9631
1610 187
6209 3499
649 4010
5831 3206
7879 778
1 9527
3527 6854
7766 1610
4278 1327
2167 1610
3188 4010
2444 6013
9102 2038
2737 7592
3369 9587
7405 7631
8696 3790
6416 147
1160 2200
4507 6278
9012 6292
9510 5137
9453 3894
9414 7633
6854 5683
5808 5068
7723 84
6201 8924
7549 2988
7438 7933
7069 1773
546 1160
2565 7695
6314 3304
9195 5240
1515 6209
8870 2083
8280 1
1943 9228
9452 2838
3894 8975
7152 2235
300 4197
6758 4741
8611 6563
3562 7742
7106 6416
1455 5731
4997 5731
9129 4154
1718 7297
7043 4022
669 9978
1244 6228
1773 189
9513 2487
9096 6166
5731 4765
9285 9955
4297 6050
9510 4692
1751 2678
754 8068
9932 5669
6205 8611
7933 1729
3222 1
2487 6362
1797 1773
1324 4831
2083 9532
5133 5731
502 8551
175 5240
4507 9598
4010 3576
1799 7986
4839 1773
3934 1802
2083 5813
6445 2712
3729 1160
298 748
9085 390
8074 6892
3731 1209
4148 1465
3768 1
606 7072
4789 7879
9395 7601
7742 1115
4146 1417
2271 6416
8397 6803
6788 5731
9571 1154
9015 2083
9395 9311
3940 6854
2743 1799
3836 8837
3585 3538
1 4228
2780 1
4507 2318
4920 1762
706 1
6386 6166
1220 1502
5731 3948
6353 901
8068 8460
6888 1301
6989 8611
4197 7938
7142 6209
1465 3067
5383 7072
8068 1210
9587 6532
502 8495
1762 728
1762 3661
1762 2803
1301 6797
9454 1799
1773 4940
1610 7885
2487 4
7072 7294
4158 8028
920 154
4242 9169
948 6854
502 4409
5612 8068
4507 9409
4394 7933
9731 4507
6596 502
738 999
9189 312
8317 1465
1773 7914
4775 995
7262 9384
4146 7213
6610 1799
5163 7411
8074 8374
9023 3419
4161 5731
1416 4507
615 9581
5940 1762
6209 9397
7072 3310
207 8228
3698 9510
1766 6478
6372 1773
2478 748
2146 8611
339 8068
9504 3382
1220 5038
5874 84
2083 243
7658 9620
5731 5654
4496 1301
6013 6780
3709 9200
1308 5847
2392 1799
6166 2732
3599 1762
1397 4507
8924 2891
121 8701
1595 3107
7218 502
8651 1
9433 5131
7933 8364
2969 8924
3807 2126
1762 9533
6854 2907
4562 4143
1524 9200
7514 8068
7010 807
8624 8837
2147 8611
502 9740
7879 7378
2127 1465
7191 7538
3016 4507
4184 1762
1762 4656
7326 7101
9637 4127
7742 7812
9129 4471
4297 2264
8195 98
4013 5831
6976 9817
7742 1380
1465 8821
1 2627
3118 1059
6939 3474
3831 1809
8837 2135
502 195
1812 6854
9770 1160
6296 8696
4807 2893
1869 84
502 1689
2130 3474
2487 211
3647 4807
2038 1121
8107 502
9254 1465
1458 2907
7789 1465
4100 2234
4494 1595
615 5207
5410 4912
3096 9467
1 7191
245 3118
4507 1760
461 7109
5347 6854
6558 8068
7411 1511
2083 5994
5731 3387
8798 1610
1875 1160
4056 2256
7422 2487
7879 5279
1 2613
1465 8971
9620 5304
9138 375
461 8737
4998 8611
7191 7127
5199 2487
3118 9266
3593 3806
4380 6854
5731 3069
9029 6069
1773 7751
3993 8696
4140 8837
6209 1642
995 8273
4620 5366
3894 5522
8175 3322
1773 6615
84 365
5731 3318
4146 3019
9003 1773
1595 9606
5620 502
7879 3444
8324 1718
2368 5356
1773 4715
2666 1
2165 6854
2038 2168
109 3286
1773 733
8068 8965
5495 5240
8906 1
8668 1
51 2083
768 748
84 6743
6017 748
6814 1762
4472 2787
9308 2487
1773 5942
6416 6661
8400 9979
3241 5808
7158 9657
3156 502
2487 898
7191 9566
553 7072
1610 5799
8611 2310
992 1160
6592 1
5347 745
8611 9481
2487 5197
7879 5936
6548 502
4764 1799
9324 1799
8376 461
7742 3736
6416 9258
8623 288
2335 7072
4553 1990
8068 7733
1766 9025
1 5950
3684 7574
6701 1762
9012 4361
3403 5414
3045 8068
2487 3970
5240 676
84 9323
4918 643
6149 4100
4507 3519
4708 7191
1520 1762
7212 7859
6929 8837
8837 3972
9348 3585
6503 1773
2083 735
6854 2184
5808 1
3320 8068
4237 4297
6829 8280
5663 1610
9337 2765
6426 2368
5088 5731
6013 5839
5017 6109
7191 2071
4472 4795
3018 2627
4272 2083
8963 1762
1610 8642
8745 5366
9285 9462
1762 2113
9012 3655
6224 9433
6062 4546
2284 9571
8270 8611
1799 8973
6620 6609
84 7776
4197 7792
3648 7190
2616 3118
2527 2565
127 9620
6663 5820
8068 4782
1799 5108
34 8068
2295 3684
390 1547
2666 1221
7917 8068
9510 4113
7244 1465
4127 4510
8969 7742
6837 4942
796 1773
9023 8595
3242 1610
1308 9719
9208 9228
9169 4525
4585 9620
1220 946
1197 5831
6714 7101
1718 8891
8611 7966
9056 2487
9571 1978
3894 9207
7191 5357
7212 7375
9200 695
9012 9448
1274 1327
8305 5820
7152 7817
7959 4146
288 841
6854 3881
3648 4944
8343 9395
4507 8868
6654 3118
915 5028
6099 9228
6992 8883
5414 7889
4507 5143
2368 4866
1 2930
2774 84
7580 84
5758 6550
84 6681
1160 7940
859 5914
3289 8074
5366 6085
6455 7202
9665 4146
5754 7152
6158 2256
8566 8068
6209 3378
643 9590
1799 1735
9228 9568
1766 2156
566 4554
3957 9919
991 7879
8927 4338
2418 1449
5703 1
1009 5731
9510 2280
2083 9856
84 3945
9129 7475
4796 8074
7615 1160
1025 9169
1753 1773
2426 9510
84 4734
4507 2391
8068 2757
6279 8428
1408 8611
1 5977
8837 6163
213 1762
4365 2627
1773 2639
1160 8048
1160 6678
5186 4318
7690 9907
3913 3648
9395 4308
6209 1654
2828 3894
1762 6117
3757 2103
6425 1
4507 7534
7130 9023
981 8068
7933 8082
3504 2487
6270 7010
9200 4802
2487 8956
3961 8068
5648 5366
7408 2083
8309 6854
3894 800
8068 7780
6120 4307
5240 2592
6838 2368
5820 608
6720 7592
7191 1902
5395 4945
4426 3411
8074 2379
98 6578
73 669
1301 2305
2899 502
1160 9093
731 2487
1301 1344
1565 6854
995 2225
7800 9571
5736 1762
6263 5787
9052 2452
525 7592
435 8068
499 4076
390 3570
6805 7592
455 4146
9200 1707
2487 6427
1766 4673
2368 338
6854 6818
1836 3684
2492 9452
9012 5022
6997 7018
2487 5552
3301 4507
3951 945
8521 4197
84 1904
941 1773
6946 3517
7406 6854
3684 5316
9487 4507
9691 2627
5856 1301
8498 4197
995 9921
2415 2487
9440 1301
9675 8403
3555 8696
7683 4197
4999 502
8068 3023
1 5414
4100 7078
3102 4146
4338 613
9943 1799
6080 1766
3452 9253
8837 9803
9200 2596
921 8924
9029 4927
995 8471
4146 1185
9795 4197
2120 4507
3037 4197
2487 456
1182 1773
9200 2108
1327 6258
6620 6854
1648 1465
2666 5003
9196 1160
7286 7549
2526 7152
1160 7732
156 9452
1773 1
4454 8611
2368 3332
7008 1244
2256 4387
3118 159
6439 1301
4842 9467
7010 5085
140 7879
2083 6775
65 8611
8403 7496
8696 3068
2368 6280
4606 84
1220 235
1205 6854
3938 5186
9035 5240
7909 4146
3007 2487
9200 7531
929 4127
1610 8119
7018 5541
6854 3598
2950 1
6837 6572
2911 9587
3272 1610
661 8068
5087 502
1762 3436
3040 1799
5395 7626
5074 2765
3462 390
1762 2979
3827 1465
6153 5609
669 1596
669 9843
8869 9620
1 1496
1155 1160
4406 84
9854 4507
2898 9395
4310 8696
5695 4744
4399 9510
3118 4028
8837 7893
5724 4197
6022 7879
7933 5917
1289 7010
1499 7072
8415 5414
888 1465
1773 5539
396 3894
7922 502
6854 5029
2089 7549
3118 4215
5262 7549
9907 5992
6862 6550
7171 8068
1575 1160
5050 2487
7010 7746
4111 7879
9571 6214
9467 6218
6166 6762
3118 7090
8980 3764
6784 5240
2368 864
5395 4694
7742 5092
6908 3585
6153 5078
7460 1762
1604 4507
1 2162
3951 167
5731 7992
1160 4463
3862 7010
8837 4531
8206 612
9883 84
1773 6154
6447 8611
5731 6044
22 1773
5597 9571
6613 1773
684 312
7487 8150
1994 9907
6854 1862
2152 8068
7212 3238
2832 9510
8318 502
1762 8208
995 4588
9907 10000
6659 9571
8584 4146
9716 9169
9571 6979
6854 6103
7549 8528
7544 9012
6854 4543
9588 1301
9433 8445
2794 8611
2038 958
6231 4197
1 68
8113 1260
9395 4147
6314 8360
7436 6854
407 5820
1592 9739
1420 4507
5979 1762
8131 4507
1327 652
9012 7390
7549 7849
4146 410
8950 1
3807 6322
1 8497
5691 1610
5040 5808
5657 6013
7191 350
1220 133
8637 9571
7411 1
2765 6782
1102 6837
4206 1773
615 7292
6731 1773
2660 1883
2653 4472
7662 6358
8840 6854
4704 4127
6267 3789
995 6962
4290 4507
1771 2765
5842 8074
4033 1
1308 2312
5347 998
2452 2348
8068 614
340 9587
7933 8157
3292 7631
669 7919
4022 1927
1718 5699
4197 4403
2293 7879
9620 3033
6854 7075
288 6667
3684 3207
2700 2709
4507 673
4197 3257
7477 4100
3418 1773
4780 5731
748 7290
8704 4507
3021 6166
2792 1773
4100 6421
162 1610
2395 987
1773 7515
9051 1
4197 3772
1621 8611
4503 4741
7742 5032
7486 5081
7691 6854
7597 4146
1098 312
2752 1
5817 8696
9200 8202
274 3684
3847 8611
6239 1773
8254 6854
3648 7974
3118 6977
1004 9833
8068 1328
1610 1466
2487 4800
5240 8024
3640 1
6540 1990
4599 3648
1610 6823
8428 4186
1230 1773
1773 8613
6098 8611
9907 1801
6921 4022
8611 8986
5240 5472
9516 4149
3395 6854
6183 5347
9484 5831
2765 954
2508 4197
1465 6285
35 3585
8696 6987
8611 1805
84 4220
8017 9571
154 7632
1160 3595
1207 5347
3139 9285
2283 5347
1449 2328
5057 4507
4146 8970
4963 2660
7704 6854
3820 9510
5395 1628
7152 8608
7742 8300
371 2487
1699 8068
7152 4276
3230 3731
4922 1773
1610 8722
1220 3406
4264 3118
1762 5987
6854 738
3359 6854
458 7018
9219 669
6837 6616
834 3757
4197 6644
7073 2368
1 7852
7933 8731
4750 7152
9609 1795
1610 2715
287 4546
2666 2669
4022 4557
9023 4639
8611 8117
7933 2786
2765 8333
3118 8287
7578 1
5372 84
7064 9123
5018 4146
3764 9656
3703 1308
6167 8068
8059 1160
9759 5731
8611 6539
3226 6854
4197 4709
7995 6868
8593 6484
1610 1947
4326 8206
9543 6837
2211 9510
1150 673
4812 9433
9153 4507
1766 5004
9725 7742
4873 4197
9141 8611
6166 9928
172 4338
8924 5486
2741 1799
1 2688
2238 1465
8068 3071
4546 8630
2051 1762
2662 6209
9467 2532
9490 8068
8002 6209
7072 8591
6166 9871
1773 4865
4146 9658
7553 1449
4338 5415
5489 5414
5395 536
6837 9693
6506 5240
1 9169
9804 1610
1 2345
8068 5021
6861 9129
748 6015
7879 632
9395 9891
9510 622
714 5731
4893 1773
9392 5513
8068 6489
9967 7742
8611 1861
7628 7352
3345 7101
1773 5178
8696 158
820 2487
3567 5410
1811 1762
9907 5030
5342 1301
4223 7879
5859 3413
643 5878
84 9381
6002 9593
3680 5186
1160 1137
1 4255
1359 9265
4022 1
9467 6752
8336 6854
995 5806
4413 7515
5507 8883
8611 9370
1 6484
1017 7841
8290 6854
8068 1
5284 2487
664 6416
1799 853
872 3118
6091 3684
6837 1523
7742 8130
6433 3894
8242 9029
6209 8036
4830 4197
7020 6854
502 1312
6502 8403
2319 8696
4146 5318
7231 6209
9023 6403
4689 4297
8829 2765
7068 6209
8068 6781
2317 9907
1160 1082
206 995
6166 9024
6484 7952
2083 5487
8188 1762
906 5105
7879 9686
6550 513
8049 7933
148 6166
2765 1906
9997 461
7152 7684
1465 8635
9169 7421
4806 4507
8448 1766
1465 4783
7163 3807
9213 6854
7592 1132
5812 1220
7010 5506
7049 1610
2291 1595
8611 4383
3973 9023
669 6640
2207 7202
8074 3531
3894 7284
1246 1465
3813 8068
7191 3493
1400 1
9168 2565
5731 9551
7879 6820
1160 9356
8280 4502
1762 8730
1762 2842
1301 1444
8428 9495
2173 9571
5545 1220
2139 4507
926 1773
7341 1762
502 943
5312 1
4143 5690
4146 875
8435 4259
5831 6685
1260 7680
8523 6591
2991 9023
5347 233
1773 6141
5395 3313
7129 2487
9185 1799
5831 2186
8790 8068
9467 1
5414 2593
8021 9571
9571 7094
8611 7474
2083 7526
4507 4483
4567 1799
4141 1160
3648 5385
8486 3648
502 6839
8611 3170
2565 2618
7010 5098
6708 7152
3764 2956
8407 8074
5240 3048
1933 4675
9510 9020
1529 7010
5712 7072
2738 5731
3560 5395
7345 3692
5347 5696
1773 246
6854 9074
7381 7742
925 9285
1990 7795
6209 6136
4449 2368
2083 7860
1160 5753
5731 6197
1470 8611
3757 8327
6248 941
1465 6012
8068 1382
6128 7616
1250 5240
1301 69
9571 6090
9011 643
1160 802
461 6311
2528 2083
84 8301
4335 6013
1706 1465
8422 1308
6854 4573
3979 375
941 8876
8225 8611
3415 4297
8206 8526
5550 669
7549 1
6735 8611
7191 9022
1610 2739
1160 2916
2368 4392
7440 6590
3845 2368
1612 5366
5760 2765
5123 8110
4807 1299
831 8428
2765 5061
4507 4464
5634 5240
6448 8892
6854 9353
5321 1160
9072 7262
84 8359
1196 9510
192 3648
7671 7933
9321 6358
6511 9433
3586 84
1056 3894
3895 1465
268 3731
6428 4197
2904 1773
4589 6358
615 8005
7018 3461
3802 2370
7158 7453
2727 1
9158 9571
1773 5410
4477 6854
859 5907
4297 1236
9433 1819
985 8428
5600 2487
3648 2839
5208 4022
375 7543
7291 4100
219 9406
9200 4607
6854 6059
1762 2109
1 1739
9946 9571
7933 7897
8950 6251
6704 1773
6854 1719
2153 312
6741 1773
7339 8837
7516 8924
5831 794
8750 1301
3894 3131
5731 5043
451 3807
7933 3326
1319 615
5028 3982
6998 5414
1220 9097
4657 4146
7667 8068
669 1067
1762 6985
3474 1702
9200 9630
2565 6902
4507 3679
3747 6837
2487 1611
355 8068
9571 2606
6724 1260
4443 5731
3937 669
84 2435
8896 1301
1271 2765
6020 9200
6825 1308
4638 9395
2413 7018
8625 9587
9203 4100
1610 2870
6883 6854
1514 1308
1301 7604
1465 9672
7010 9743
183 7072
1762 7930
8554 8068
6123 3684
552 1762
6854 2250
6837 2847
9878 1465
2765 3596
7148 5513
5225 1
2634 7072
375 9792
7863 4507
995 2136
6919 1773
9905 2765
570 7933
4872 1610
7414 1220
6611 1610
9963 8701
9200 1800
154 7310
390 8101
8387 1
6416 6955
753 8068
7135 7535
8611 7682
6854 6624
3870 9200
4037 1301
1011 4010
9285 3724
1773 21
8411 1610
1392 6837
7879 5809
669 7001
9066 3517
3329 1714
1762 9737
84 1340
9907 905
7225 669
6660 1762
618 859
8643 9409
4497 8611
1 1144
9245 7545
1766 8266
5009 6013
6799 1773
2487 2864
7712 9395
2083 6648
6484 2453
3946 5186
9159 7212
7716 1160
6690 6209
4100 865
8428 8634
1465 3838
7152 4870
6837 8854
209 2368
2368 9797
3187 1622
1 5034
84 5389
6076 3807
3662 3118
2314 1
2083 3137
9907 8000
6707 3807
2517 5395
7596 1773
7600 8837
9178 6854
1512 1465
4831 7551
2966 8068
102 5731
7742 79
1220 145
2516 1773
6092 9433
4856 7879
2220 7742
2198 9010
4507 2917
7072 5770
7708 2765
4431 8068
4401 1610
303 4197
2077 1773
6597 1610
7933 3344
7879 8987
3744 2487
6225 6059
9694 9395
8201 2727
6127 375
1799 8278
5240 1396
4131 375
7844 8924
5831 8594
566 4527
5731 4288
110 5831
502 3918
7879 4547
4700 2660
6028 1762
7485 84
3240 8696
8547 5395
748 4296
2621 6854
7010 4603
4699 154
1690 9169
9510 430
5560 1160
8401 4868
9620 5964
3888 1799
5290 3757
3223 9253
5570 502
1301 6456
7121 4022
3701 3648
226 7879
8787 9907
9227 2487
1029 748
1762 2398
9317 9907
9571 892
8014 1762
3822 1990
1610 1310
1992 8074
1006 615
3930 5731
7144 9200
5323 1160
5898 6166
995 8677
2083 7980
8611 3663
1160 8483
9433 6942
6854 6710
7879 3674
599 2574
8379 6854
1664 390
995 7838
6854 4953
60 1762
29 532
5845 7628
1 6904
1 5820
4095 1017
6298 4197
4146 4085
9357 5490
308 9510
2692 3806
1108 502
6854 6749
2083 6674
1465 7229
6582 4831
1489 5347
6832 669
5144 7879
9395 6530
7152 3076
5265 4831
6837 25
3135 5731
7071 1610
3517 4407
9200 6479
7308 4507
1160 373
1773 9463
521 2368
5731 9801
8403 8804
7742 91
2025 8068
1122 4100
9023 1158
7908 3951
16 8428
4879 9406
1762 4560
6824 29
2752 6213
1762 9142
1773 9552
8796 9516
8428 6194
1160 4130
8993 9129
2939 669
2083 8352
5181 3894
5823 5414
9510 6617
1160 3600
5584 738
995 1641
9395 9676
4197 7285
6854 4004
4197 5660
5777 3806
7200 7933
9706 6166
1935 1
5395 5045
1773 8537
2673 7010
7010 5998
8280 7309
1962 1465
1160 2894
5790 4507
113 2487
4197 4076
7202 6854
934 8068
6916 3807
9169 2226
288 280
9874 4146
2083 6896
2157 1762
7956 3648
9907 6188
1762 7385
2368 4971
6059 7705
4624 390
2256 6575
6789 4197
9929 7010
7879 9952
2058 4507
50 9979
5499 5731
202 4197
7219 2084
7879 8026
2487 6871
1756 1610
1 8341
4146 5270
9907 1313
5731 1873
3969 5820
1531 2765
9169 2112
1 697
9223 2083
7890 2487
4738 7549
6077 6166
1957 4507
2325 8611
1160 8388
1301 3448
8291 390
8837 2597
8611 2521
3118 7271
5347 3308
7657 1160
1160 1528
84 3866
1762 2023
7268 8611
299 8068
6843 7191
1762 4032
6166 4304
9395 1608
1491 1762
4297 6822
3711 3684
8611 9315
9467 793
4992 8701
6155 5501
3237 6550
3118 6497
461 8037
9200 9942
1465 5399
1160 6618
2882 4507
502 8312
8720 3951
1762 8574
4807 8200
4507 9611
541 5731
40 1610
5240 177
1762 14
1 6056
4159 1160
377 4197
9029 422
9510 7340
1248 7191
7879 173
1 7100
4102 2765
9620 5835
8611 8878
3694 9433
5906 1799
4507 3408
7362 7879
8068 6333
4146 3766
3794 8611
8611 1824
4507 1341
9200 6938
9993 6416
1743 3305
9129 4457
8068 4248
2487 1008
8046 1327
2926 6854
3858 669
8662 9023
1 5831
2480 1990
1696 8611
1379 1773
4333 8428
4022 6836
2456 1465
5782 1610
1766 779
420 1762
2709 2244
2340 4507
9433 8264
9173 1610
9182 2660
906 8751
5082 7793
4156 2487
4022 8489
1160 6306
2083 1021
4671 1465
7631 7080
9327 6837
5075 9571
1301 8557
4875 9587
9120 502
7933 9779
7135 1762
9253 56
1762 4189
1160 8916
9476 9587
1308 6235
9593 1
1845 2487
4385 2727
4146 9848
5511 7742
5859 3185
1715 9129
6854 8534
2402 7010
7933 2822
1449 6816
7801 3807
4921 3348
9200 8880
9285 42
1762 3843
8611 429
2099 5820
485 8696
9514 6128
2777 8068
7631 1
2768 1160
9549 4197
3807 5275
1 6594
6958 7010
995 9653
9433 1020
9084 1773
2907 6063
669 2337
5795 9587
1 4142
8690 9200
4317 9253
650 4146
1773 9103
1762 6657
799 4338
4767 8611
881 3894
9587 3281
7489 2425
8256 1766
366 1773
776 5395
9669 6854
1610 9707
2902 1
9395 6961
1773 1003
1422 4197
9200 9714
5268 9012
6166 6791
1762 1974
4649 6854
4737 2425
5052 7879
9134 2368
4507 3928
5395 9172
461 5072
9129 5308
9744 3305
6854 7540
4507 8293
1 5349
4904 5831
658 2627
4146 5121
3994 4507
2999 3684
748 1349
4197 4350
1308 1080
4552 4143
29 7710
1762 1357
3623 995
5366 8230
6294 1220
7487 3116
1 4634
1327 6852
6417 8074
4146 2311
2343 2038
3118 2375
1 1220
9023 6389
2350 1799
8010 3118
4338 2936
84 8863
2501 2709
3118 8795
502 6321
4197 9190
6524 1
3118 9509
8068 1679
8152 4197
8068 1827
4507 2221
1218 9012
2083 9959
3728 9907
2765 623
9200 2265
5414 727
1595 9585
2133 5831
9988 5414
6808 1762
1762 1969
6786 7592
7837 4307
7933 174
3517 6864
1 9228
4217 2565
3894 6658
7191 516
5347 9918
7363 5240
9238 4100
1766 7606
3648 780
4358 5731
2697 8837
4466 3684
3473 995
9607 5731
1610 3212
8626 9467
6854 6260
1438 1160
6854 1526
8611 531
4507 2448
7549 5628
8997 1799
9466 2765
7933 6898
1252 9200
9200 3078
5353 5414
9406 1
666 6267
821 7933
1762 9284
4909 2368
9200 7988
502 9859
2907 7835
9048 7283
6673 3684
9245 1
6314 4169
7879 1311
84 1266
1610 7189
6754 8068
71 6837
980 288
7933 86
3474 7247
1673 8611
1308 6114
9199 2368
5240 2852
9333 7191
4338 1
643 2798
6451 5395
2038 7707
7650 9587
2709 9879
4571 502
1497 9620
3059 7933
8696 6831
2541 4197
3684 7138
1610 9130
5111 8611
5714 7669
7283 1160
936 1160
4807 6854
3052 1465
1039 84
8611 4640
7191 3337
1 2038
5263 8428
7933 472
2368 1853
1762 543
6600 8696
8325 1773
669 5455
2452 5020
6499 9467
7386 682
326 1592
5414 869
5762 9510
4707 5714
26 3118
3692 9064
9587 4788
6854 7589
7808 3692
2083 2034
3346 3648
748 6458
4575 3894
7279 4507
3764 2164
716 6620
8837 8678
2487 8949
3648 9579
5037 1799
1010 4507
9083 7933
7807 1
2765 9618
4146 5931
8611 9067
1610 918
379 84
5186 7403
7631 5945
9906 4146
5395 3754
8068 4246
7404 84
4507 7670
9624 1773
2452 52
1610 6793
7939 8074
4733 2487
3270 6512
9200 2062
3172 1799
748 9849
1741 669
9587 9542
29 1
5513 1435
9026 7549
5702 4197
8009 9012
3169 1465
1 8482
8412 8068
9727 1762
2812 5395
8206 7315
9468 9620
7868 5366
643 7925
1808 9452
2487 2446
5946 4146
1773 2479
1595 3398
9941 8701
4509 84
12 748
8068 6941
1 3692
1314 8611
5397 3951
9012 4777
7317 2083
4301 8701
7933 6409
1762 3377
9951 8068
9200 495
1160 1296
8837 250
5468 8837
1762 756
4197 1472
8068 5402
2083 7066
4521 6854
1609 8428
2765 7415
528 5731
6880 9029
2493 9467
3517 7878
1 3305
312 2358
9214 995
7879 3742
9409 4434
9119 8696
1610 4586
1220 8429
3118 6900
1465 4043
1160 2699
9504 6356
5583 8611
5298 669
4389 5513
3450 4197
4197 3205
1799 7512
2433 7010
798 5414
5260 4143
7427 5395
9550 8611
7311 1327
2470 8068
84 4711
5395 8647
957 8523
6854 5727
9402 1160
748 574
1610 3385
5264 8074
4752 84
8523 7558
9510 8390
1896 5130
3051 4831
2778 1017
5073 8428
2487 2074
2701 8074
5412 7152
1301 1733
3648 2557
3894 5622
8083 3831
615 7881
1672 2711
3648 8661
5555 8068
4925 7879
7879 840
7454 1220
5366 9205
84 5642
1 2932
1301 3335
4799 6209
3967 9285
6854 3910
8074 2951
1 6097
2423 4197
4987 5471
1384 669
2315 2368
5109 7436
312 7198
7742 6507
677 7191
5478 502
7879 6222
8098 8892
2942 2627
9312 9620
982 7212
9994 8068
3427 1160
8509 9467
1540 5240
8664 4127
5528 1327
9200 6490
4935 5347
2327 7933
8768 3512
1802 7104
5395 3249
978 9510
1773 7834
7212 593
1610 7929
2538 1
6854 5255
4197 3639
9441 6854
5731 8760
4905 3684
4507 1971
4171 1762
361 3684
968 9012
2115 1718
1301 6454
2895 1160
1084 1308
3951 8155
2411 9510
1160 7122
8146 502
6700 1762
5395 7784
440 5714
1160 1338
3126 84
7072 1920
331 98
4582 502
5334 3118
7631 6406
6030 4675
1160 5867
724 3585
2066 2487
502 6937
3778 2709
3191 4507
9433 2399
4507 7813
2487 2808
5414 3350
7089 4197
2078 995
2487 6472
8397 403
1160 49
8068 6308
710 8068
2119 6209
2487 2698
4507 9811
6023 1762
5868 5240
84 7724
1844 8696
5461 2219
3265 615
9587 8881
3648 1960
7819 3118
4338 5288
9293 1990
1 4051
9861 8837
643 5445
6854 1955
2668 8093
6272 4472
9395 3273
1762 9601
1 4613
1762 4236
9129 286
3411 1993
7191 9309
4129 3648
1171 5240
2368 8276
4460 8537
8701 4187
9029 3589
8611 1789
972 1773
5494 4197
3312 995
8262 6854
8951 1610
9092 1
5395 1841
2083 2372
8611 8692
84 5606
1998 8280
6546 5240
1362 8068
9671 5240
3062 7933
1532 7933
9715 502
5240 1337
6550 4207
8074 7866
3457 8696
1579 5410
6927 2256
852 1160
5877 9200
8790 8815
6854 7145
7933 2450
1308 6711
5714 6943
9469 3648
9395 7518
4127 7625
1 2884
3294 7283
8346 7368
2487 1626
3731 4735
2396 3684
3379 9620
2443 9571
3305 8890
3247 4297
5395 4441
8132 5731
478 5240
1874 8068
6527 9907
9826 4022
7097 8924
4146 9347
9259 4143
2237 6837
2765 1983
1766 9416
6349 1718
8341 3284
8068 4961
6837 5044
4307 1090
6119 6484
643 2004
8068 2617
3630 5731
5368 6854
5406 7191
1773 8328
7222 8074
8892 9314
9682 9169
2709 4069
3963 8611
8246 1762
2565 9186
5675 9571
5731 582
1894 8611
1799 4539
6854 6314
5949 2368
7873 5395
7206 8068
5556 4831
84 3392
2368 1145
1260 8022
8988 2368
4665 1
3901 8950
1799 7924
9176 7010
1308 2586
1360 5130
3911 7191
1762 4778
1465 1644
5051 2627
7523 1
9722 1773
2845 1301
6854 5776
4146 5226
3568 6416
8439 1
2704 1762
9200 8514
7933 7457
6854 4921
9762 8068
4679 6854
4100 1418
2098 9587
461 4050
6266 6620
7359 2389
1773 5272
2630 3757
1711 7212
7933 5909
960 154
7697 9571
6484 2948
2674 9395
669 8782
4311 1773
643 4035
5731 6480
9684 1766
4530 2487
4022 392
4105 4146
4822 9571
6854 8060
7892 375
7327 8068
1301 2279
7879 965
1 4078
9571 610
8446 1762
8428 8967
1 7793
9001 7191
9129 4180
3220 4807
5336 9200
941 6753
3812 6314
6449 8883
8335 8206
1394 7933
3199 7212
1766 5467
1 1465
5135 4197
8145 9169
4064 8068
9979 7356
9200 7245
8883 8023
1 7259
8068 5843
1762 7156
5240 1462
2083 8992
5505 9012
2075 1773
8428 2182
1672 1050
7962 4197
509 4507
1754 7742
9237 3894
4236 9948
8396 6837
6156 1766
7920 9433
4006 6854
5831 4098
5479 1610
4022 5154
7927 8837
6481 7742
9300 5130
9209 6550
9558 1220
7549 1204
3288 9907
4854 3807
4611 5395
1308 849
6486 5395
2633 4197
1718 1297
5084 4507
8074 1900
8068 457
1308 4283
8214 1718
9200 2258
7567 2083
1160 9371
1 3815
5364 7504
9887 1762
276 2083
3894 2655
8924 2035
1625 7933
2765 4852
5177 3118
3295 1766
1849 9200
5767 995
1012 2765
9012 5185
8420 3648
4507 3443
784 8924
9564 5240
1730 604
1308 6828
214 3648
1773 6956
9510 1623
8962 1308
4330 5395
1773 3696
3432 9200
8428 6716
4197 5771
1260 1911
5024 8074
4022 8605
7031 1301
5731 2983
1432 748
8918 1773
5871 1773
5831 353
1985 1762
8068 7900
5859 6442
8618 9169
2788 8068
8712 84
3095 4507
5240 310
9023 7426
6854 8179
9605 4146
9467 2725
4197 3669
4370 1465
1762 9217
8611 7254
8505 995
5396 2038
3648 3781
4827 8611
4197 8817
3648 2736
1799 8263
3894 6195
2172 5414
8068 8619
1308 8371
6682 5808
7172 9571
4119 5984
2038 43
84 4666
3027 8696
1773 1363
8701 5814
9704 1773
8265 8068
9157 6706
8346 1610
8043 5240
4592 7283
1220 1867
1799 4773
2640 1327
8611 851
3876 1
5186 5101
5969 1308
9169 8268
7191 1095
4197 2150
3529 8611
9529 1762
2487 3177
2282 1799
1 4741
8611 9398
4146 5821
2781 1308
6620 9292
7219 7040
7703 2083
6891 1766
1762 5695
2905 6854
1773 9432
1610 7166
2174 5731
1148 9571
5943 2487
2765 5331
9571 6792
3475 5731
8884 1773
1718 1734
2204 1301
4146 5800
1114 3118
2765 8622
1573 6059
9063 1773
9444 8068
1449 8645
9285 5184
8611 7469
8670 1762
1160 2599
8012 1802
669 6664
2038 4626
3439 7879
1503 1
4197 5196
283 3118
1 8251
6453 502
7549 3830
1 5561
3183 8397
9838 8523
3388 7010
7611 4197
6013 7783
5395 7216
1852 4127
5466 6854
2765 5999
1945 9510
2487 5146
3807 8104
7386 8342
4197 766
2509 9414
1 9200
5731 3989
7115 9395
9620 815
4635 8924
2971 2765
2467 2487
5984 646
2368 1361
2131 9587
17 2565
4507 3865
5257 7359
1465 264
9629 1
1 764
6603 8696
2487 7950
7344 1220
7631 7433
2620 9395
3648 8358
4146 7772
3999 84
367 1308
9571 1
4507 2657
5013 502
461 3719
7444 7879
4054 9571
9571 2180
6059 2889
3167 1762
669 2351
8611 4347
9305 738
1773 417
5116 375
8810 5731
8068 2819
3235 3648
3517 1
9452 8998
8611 9791
6267 8077
2752 6317
7981 1220
9012 4939
4338 1193
9154 4472
9340 9023
1762 7458
7762 3807
6772 7933
9620 5815
4472 3520
1799 2519
2709 7257
8654 4197
1 4835
707 1799
9114 2368
3300 8068
7871 1799
8837 4073
4197 7949
4695 8611
3424 3353
8924 5269
3684 5658
7898 502
1799 6635
5830 7018
6870 84
1762 7397
5788 4507
8611 4546
8304 1160
1301 873
1179 1766
3485 1773
8803 7742
615 9876
939 3411
2565 7061
7479 8280
3731 171
191 8428
444 1610
9200 1279
6950 1718
4197 5286
9200 3727
9548 9587
3511 2709
302 4010
5395 4731
5640 9510
7010 5610
4414 4022
1 5502
375 7177
8068 2199
9798 5831
7353 9620
669 6854
1643 7933
3805 8068
3649 2038
2660 7399
1288 9504
2598 5731
9390 5714
4512 3441
3087 4472
6717 9395
9884 7933
5730 7742
1465 9220
1 207
1803 1
2762 8611
1241 1
9433 8209
8296 2368
5240 1035
1796 154
3796 5395
611 6620
9882 2727
3877 4146
9496 1
2434 2083
2765 9482
9355 2627
1407 4507
1 715
6826 7191
3114 4565
7072 6106
4663 987
1610 3487
7879 5209
9101 9200
1762 2045
4197 4436
8523 9014
3058 669
7072 7550
84 966
3780 9587
4529 7010
5395 9073
1 5665
4845 205
904 4507
8114 8837
4143 31
5731 6320
8280 273
7879 4116
2863 7933
8696 7591
4143 2708
6840 8696
6087 1160
5731 7910
390 4713
1160 7855
5731 8825
1 9516
6837 8088
7549 6037
4507 5510
4741 9556
84 8827
9908 1762
4676 1160
1456 9129
1610 984
7628 2929
843 1610
90 669
1323 4338
5731 3875
5267 7191
9587 439
995 6859
3267 9395
7549 7637
288 6854
615 7891
8221 4197
4295 2368
8611 8241
3162 2709
6209 8732
3486 1
8280 9215
6432 8611
1762 1110
2660 8068
7559 2627
6595 8372
7528 2487
6854 4587
1762 6538
1917 6166
6777 1160
205 4797
8464 1799
23 3582
4197 9177
3533 3684
9200 7830
9510 8073
8068 1195
3767 9200
6897 9571
3270 4732
995 7398
1846 9433
6049 4507
6854 2507
1530 1
9557 2368
1 9913
6854 1602
7933 8564
7742 5761
4757 4507
2425 8449
1160 9738
7072 1253
2369 8892
995 2482
5857 2083
1213 502
1583 2487
8877 1210
8611 7643
1762 295
8552 2487
1979 8074
3118 382
9023 6884
7843 5366
9571 2624
7131 390
9285 7023
890 1160
8075 9029
3842 7010
8577 9673
5345 6166
8835 4338
5240 9812
4211 4507
2288 9510
4010 7060
3807 6867
1 5380
9129 7030
1465 5963
6495 9537
2765 2885
9414 2761
1028 4507
2765 9709
2666 9061
4204 1
1717 9510
4338 433
4850 6854
2362 643
5831 5625
7152 5042
4362 1327
6854 8847
5240 8237
1351 643
5202 4146
4256 2709
533 4507
54 1043
637 1762
2924 5831
236 1
698 8611
4507 9210
1766 4745
370 6550
8696 4858
4212 6854
2452 657
9228 1670
752 1465
2765 1
6378 5731
1184 2083
8709 1762
4143 2088
4008 2565
3880 6854
7856 1160
1773 6496
3644 1595
1220 2829
2504 5395
3193 7592
2656 502
6812 2487
1773 4298
8068 3293
3816 1465
3684 8229
1212 6819
4396 4472
1 66
1244 5697
7500 5731
2809 2487
2468 2565
8693 37
8611 8857
7191 7188
9426 3807
8663 1762
748 1265
7152 3584
1465 388
2083 7429
4677 2083
2047 1799
7152 2659
8837 5852
2038 8484
591 3653
1143 995
6854 1807
3894 3064
8945 1160
6550 1831
5613 995
3738 1465
5328 4143
6342 9537
3874 1
8068 8570
7955 2565
3775 8611
5206 3731
9907 452
2765 1613
2765 3465
8837 3687
7565 2765
1 2123
6854 566
3894 4492
284 8950
4748 3684
3684 3309
8611 6869
5010 7010
3411 9499
3168 1220
4340 8611
1762 8350
81 6059
9523 1766
8837 4493
1465 8169
6048 3585
8068 959
748 3423
9571 2530
8933 5414
6854 7821
1160 7174
5363 1773
9395 9911
4829 9395
1762 2137
3894 3652
5765 4507
1239 5178
9492 9200
7262 1762
5244 6854
1658 8068
1762 4686
1773 5853
9285 8533
9753 8837
3872 995
9505 7191
2489 2627
7101 1
8068 8394
8837 3111
7095 502
8820 2565
2083 2414
7933 3503
1301 9274
6553 3517
4197 694
8008 1728
2709 3953
9569 3585
7152 57
9395 2641
2368 8972
5513 6444
4538 3585
8062 1465
1301 5447
2083 2684
9414 755
3846 4197
9845 1301
6484 6160
8523 1031
8068 9343
8611 9857
8330 288
6854 6545
9037 1
4828 8428
5546 7180
569 8837
6300 1465
2937 9571
8408 502
9095 1762
2487 8016
5325 6209
4986 9571
9034 7549
9075 2765
7807 4115
5220 6314
3118 1251
9648 3305
6598 7933
2752 8100
9042 1762
4544 1799
2274 1
7223 1773
5501 9060
8383 7262
7978 9395
8837 4384
9760 9467
2912 1327
5069 6854
1 1019
1 591
6400 1773
9452 7316
7961 643
3161 7933
8074 9877
9985 1762
6209 5127
8280 8474
4323 1
7217 2565
4507 7759
1674 2487
2570 1301
6329 4507
8924 5901
2148 7064
8839 7879
7995 8395
3252 9395
4197 505
7366 4197
4010 9286
3370 4100
5130 6289
4338 6348
3678 6013
8068 7638
9395 4670
6128 1113
9865 502
8883 3841
6854 3270
2256 8888
4960 8837
8064 2083
1 502
6748 3807
1732 8611
643 7320
8806 6854
9587 193
3616 3894
3984 5714
2368 9702
3490 995
1773 1843
1160 5882
9478 7879
8086 2487
4356 9510
1465 5578
1160 6184
4791 5395
7018 482
7146 1
1762 3022
2086 8068
7010 8610
596 7212
2210 1
4197 7556
2368 9170
7377 4143
8147 6209
2055 1
2368 9152
6423 7072
3296 7072
9555 2627
1166 7010
1301 5515
1327 8861
8611 7224
9012 2242
9842 7010
471 9467
2765 7768
8799 5513
5366 9827
1160 5739
2628 1762
9979 3685
5473 6059
4294 8611
1522 1762
8837 4647
8671 7064
1040 4507
9510 1042
8611 3806
1 2724
9133 4507
3897 1327
414 5831
2727 7400
7879 7273
7322 5186
1610 4861
1936 9200
5186 4594
9610 6854
4753 1301
4900 669
2752 7261
3951 7442
1762 8818
9571 3149
9116 4338
2614 4507
1301 9434
223 3894
9385 4197
8543 8611
8785 4831
5651 1
3757 1364
4501 2487
9049 4297
3118 7875
1671 6854
1762 2361
1160 9078
8611 889
351 8837
1160 8165
7010 7915
8068 3221
1837 4921
78 2487
7191 7296
9330 8068
1308 9339
5173 502
4146 3217
9872 9433
5240 4561
1762 99
8701 3864
1308 8715
1 1897
9200 5537
9620 157
643 5303
5435 5178
84 3425
560 1773
5347 2590
9919 517
1308 2938
1 692
2487 344
3787 4010
9917 2627
3807 1762
9201 7359
8990 9012
1773 1022
8493 1308
9200 5014
2472 1718
1744 8611
8611 2306
3118 5763
9907 7420
1521 7879
8611 8039
1990 8698
4430 7592
7542 1990
8194 5395
2627 9098
5792 6854
1762 2040
9687 9683
1160 4185
447 1990
4715 8656
3123 1773
6304 1
6437 2709
3099 4146
6837 2010
616 1
5731 7822
1260 9105
9200 8203
4630 3648
5678 8074
6209 7243
3951 8761
6402 1359
1160 2805
7879 5422
8166 5731
5831 7934
3622 4507
7879 7050
8573 3648
5240 6463
7503 748
1450 1773
8941 5366
6166 7178
8611 1256
1160 3968
2506 748
7018 2208
8696 4404
6912 8611
1308 4065
917 2765
9510 886
6209 412
5647 1160
1465 6766
8068 3750
2032 5714
6854 6327
3894 3743
7191 4200
1610 4469
6358 6844
253 5395
1718 5725
8042 4022
1885 5414
7072 323
4146 6178
5054 1773
2381 6416
334 4146
336 1465
824 4197
6605 5501
6982 4197
2368 761
8886 5395
7011 1610
6416 720
9452 4892
1618 2487
1301 152
5955 5240
1 4816
9710 8837
8790 4924
8924 5382
8555 669
6307 6854
4507 5744
7595 1160
7628 3297
9956 5240
1302 5347
6164 4338
9129 1878
124 6854
6067 5731
8068 1163
1 9047
84 4081
2289 3684
8611 4583
4444 2765
1762 1997
2660 5141
8672 8068
6854 6726
5837 7072
1968 5731
2753 1308
468 7549
7941 1449
502 7649
6341 6166
1 5513
6209 8310
1762 7750
6620 8090
1220 9939
2142 84
181 390
6550 524
6265 9200
9200 5530
2907 701
503 6854
3980 5513
1799 1294
6043 7212
1308 3120
7532 1
9076 9467
7046 3951
2239 4807
6207 7323
9007 7018
7886 5831
6854 2744
7191 4669
9708 1301
7212 194
2083 4821
1017 1
1301 6339
1393 5123
1 4143
1465 1838
5081 7092
5937 6854
7879 7603
4197 2296
7299 1465
7635 8068
4197 907
1799 8198
777 1762
4461 84
760 2038
6396 8696
2955 2752
7874 9510
949 9169
7010 4736
6416 2846
9778 1610
990 8696
84 1536
6019 8068
2270 1
7152 6536
3422 1766
4831 1537
9907 9151
4507 4104
3960 1773
8068 5887
7195 9510
5708 9129
3251 995
4831 2257
5408 4507
5409 3141
5482 1160
1990 2331
7191 1736
6462 5395
1923 8068
4100 4844
8326 400
6837 4378
1220 376
5352 4146
669 8116
4609 7879
9433 1295
7760 7933
3190 643
7617 6854
149 1762
8741 6023
8068 5863
6854 3303
2070 1160
2095 1308
3894 7079
3138 2752
5714 3347
1773 5256
9395 7797
4197 5972
2329 3648
5930 5831
6854 2735
8368 84
1 6925
502 9225
2038 6875
6416 1585
8428 5221
2141 1327
4507 9378
8611 4989
9200 5285
7191 9723
197 2425
8885 1
1934 5395
3424 1762
2083 5985
7876 1990
3894 8485
6236 4197
9873 1
8414 1260
7581 1762
5470 1799
2765 7263
1301 3029
1762 4291
2658 8428
6846 1773
9819 9395
1773 2567
6854 6166
6827 4507
3670 6153
7487 1
8428 7993
2487 3414
1876 1
3951 1
6168 2565
5414 3929
2138 4197
4197 2514
2727 9045
9510 423
895 1773
5327 84
1713 3401
5731 6639
1762 8118
512 207
5709 390
2487 5190
2727 5483
1773 7504
8694 4507
9777 7191
8937 9129
2487 9344
1773 9470
3118 8357
6016 1308
8141 461
8428 1233
8003 7411
1089 5240
2083 120
483 4507
2998 5714
7183 1
988 2487
7219 767
3731 4420
7742 3171
7132 9571
1 3648
6854 2344
1708 9587
2251 6036
9129 6371
1799 3464
5414 7557
9264 8068
9129 6174
4086 5731
2038 4653
2464 3684
8068 5970
2752 2693
3198 1220
9452 4747
7665 8696
748 4556
7736 1718
4507 2268
4146 2691
1 6263
4366 6128
9907 1
7191 7302
3684 9411
4507 4917
8994 8611
1773 7386
6725 669
3474 4884
5414 7083
7215 7549
2487 9787
3118 1788
5921 5831
8894 995
7010 401
1 9090
7631 4182
3264 6314
4803 7283
7689 4197
1762 4091
8336 4048
8611 5798
2487 4631
3894 2155
1 748
7944 2487
84 3867
1465 307
8701 1633
1465 8054
5450 4197
1 6011
4807 7642
3426 1762
1762 559
3179 4022
8571 8523
2487 4195
8736 6837
3424 9793
5965 2083
1465 4299
2038 1880
7446 1210
2069 7212
2841 84
7072 964
461 5781
1773 9894
2276 3807
7359 2648
1773 8688
5915 7933
5198 9200
1201 3807
2326 9129
8632 8696
1160 6460
1160 1661
3202 4507
390 5155
5746 6209
4127 545
2038 5332
8644 1
84 5902
205 3587
6973 4507
8892 6068
3955 2565
2765 6288
7346 3696
7879 3039
6135 7212
1610 1925
1597 4022
8811 7072
502 6965
1610 1180
7338 1990
6837 6688
3433 502
4197 7806
8611 6379
2709 2984
669 3745
8701 2440
3091 9587
4485 5731
5731 2484
3471 3553
4421 1610
4146 7256
1507 1301
2755 615
4247 6166
9688 6854
956 4022
2487 5824
7169 6166
4338 788
4705 8280
3977 6416
6128 4659
8611 4987
363 6854
1045 1773
2163 8068
27 3684
4216 3648
8093 4213
1390 2083
6393 7933
3038 9467
9295 9200
5395 2671
3646 6854
9510 3454
9806 1762
9571 3046
8322 8428
8832 1308
2101 643
5414 6177
1953 8696
908 6153
8523 5923
6626 1
7010 9122
4245 1773
1773 1790
643 1
643 3316
1 1483
502 7193
9285 2407
3491 4297
1 7731
1872 2038
1635 4507
9361 1308
3802 2020
9414 4372
1 3474
3684 7672
2765 8491
3305 2537
669 3853
1000 6416
5731 7036
2452 6038
3648 8405
2424 1766
1083 4297
6082 4146
5656 669
3000 4507
5395 3351
1944 6854
3537 6550
4084 7010
1 2041
4197 699
9200 3987
311 8611
1465 8982
2469 5731
4225 7212
3854 1762
6128 6192
5187 4022
8068 5194
2368 8207
6010 5240
5395 7554
9169 4405
2944 1301
8366 8068
390 8683
8695 7283
6023 8168
8068 600
7336 5395
1773 9784
3610 9907
9367 1220
9352 7592
6284 6854
2487 9021
4197 9953
8823 5395
3932 1773
9467 7827
47 9467
4338 2941
5175 5414
3648 9068
2083 6387
8936 2565
1990 7348
1476 4197
9467 2513
2934 7879
1610 9445
8535 2765
3837 7010
13 995
7549 8565
9479 5731
9587 1747
1301 9652
5395 1277
2765 3113
1762 5083
2765 8159
7191 8707
2793 1327
4261 3517
6854 4771
1338 1806
2487 3233
5028 4425
7495 3517
8596 84
6209 2862
7865 1762
9433 1557
2158 1799
2083 7686
1301 5002
1799 4300
9620 1727
5164 2627
2081 7018
7112 1773
4636 7592
186 1308
1 3211
8883 1970
8837 8791
9893 5513
2687 1465
1160 7349
7879 4072
6299 9200
6653 9696
7744 2487
9200 4898
3763 4146
643 1561
9571 3025
6854 7851
7742 4846
9023 3446
1 7359
8696 4165
9638 2083
1160 9282
8675 6209
9452 8234
384 3118
8754 7072
5731 2677
688 8068
7679 2660
6693 2627
2810 4197
3088 205
8871 4307
3328 3894
6931 9571
9907 8
2487 7564
7901 7879
4895 1773
4375 502
2487 2827
3951 4629
615 1
1981 8611
5240 4542
1606 1160
1952 1
4146 9574
1 1234
8665 7628
3517 5587
6107 1762
7384 2487
759 7191
8182 9169
8862 9285
3517 8019
9433 961
1762 228
9761 8611
84 1065
1308 2436
2368 9642
8764 995
3632 8837
84 4355
1578 461
6763 7010
357 1773
2442 1773
7996 2765
9587 899
5737 7879
5240 8977
4338 567
5850 7742
5520 8183
6687 9200
2487 3467
5431 5731
5859 9794
4146 475
84 8384
5398 1773
4678 9200
5582 9023
2981 4146
9914 1160
288 5080
5371 1327
2539 1799
5240 8244
9510 6000
1762 9368
9813 6209
1610 8765
6464 1
8124 5513
6854 106
3225 1799
9907 2304
6854 5240
84 9376
7101 9261
6854 3886
277 6854
3232 643
2425 7921
5240 1767
6645 1762
2368 1678
7951 1773
7464 8469
6854 37
6854 1941
540 6209
9510 1567
5731 8802
9504 1607
4063 84
5742 4146
2858 1
84 8144
4197 9087
7412 4507
7191 8402
1301 7260
6166 3175
7624 697
2652 2752
2906 6209
2352 8435
1308 9364
3506 8696
8243 5414
2083 5680
85 3648
8636 6837
9303 390
3774 2660
1793 8068
1157 4197
9285 1
469 1610
2487 4541
8853 1762
4766 3582
1773 1061
7380 1301
1440 1762
9009 5176
8216 7158
9320 3253
3684 1572
9115 5731
4831 1001
6416 4974
1375 5513
5731 3873
6837 8691
3196 8068
7870 6854
1 5070
6207 1
2497 8611
5395 5546
7573 502
1301 8004
6854 8724
9166 7879
846 5513
4507 6003
2487 6915
5118 7010
9467 3784
1963 7152
6209 1291
8068 4498
8696 3681
502 7887
8611 9836
1465 9636
9679 5395
9147 5395
3517 783
6473 5240
227 3894
5149 502
6638 3951
8924 6264
8833 2487
4197 2654
477 9620
3807 4698
6926 6854
3684 9280
5611 461
8611 5759
3735 7879
669 1037
836 9537
4815 8428
1449 4914
976 502
3178 5731
1762 7605
6094 9012
669 6794
3072 8611
6440 1924
4197 8332
7582 6013
1672 1
3752 1160
461 4075
375 1684
6104 1465
8206 7233
1298 1
3718 3118
7240 1773
669 6382
6001 502
5239 5395
7013 4197
9745 3831
4297 15
4851 7018
8611 5232
1826 9012
2907 9663
1308 950
9498 4146
5048 9200
1799 7906
9029 7151
2487 636
5409 8615
1414 7072
4127 9647
1762 327
6410 461
3951 242
2038 3732
7197 7742
9395 668
6854 9212
5395 7794
1762 1592
2487 6920
7592 5947
7010 805
154 763
9510 4442
1773 404
1 3550
1799 3194
3317 3474
9081 8611
1301 1700
2212 1990
4197 2783
1465 341
4507 9031
9907 6801
3906 1465
1 9668
1672 619
9979 2065
5442 6209
28 5714
4143 2726
1041 9571
6166 4813
9395 803
7742 8477
1773 8492
7742 8320
8670 2313
1692 7742
1610 7096
7191 687
1931 7072
7933 717
5214 9571
9667 9010
5956 1773
9680 3122
1160 8753
19 9571
9510 6161
9200 5638
1773 6070
1160 1568
502 3383
160 1773
6162 1308
6665 1766
4146 240
8277 9285
1799 6007
5864 502
89 1762
9285 8983
205 9689
3807 997
7072 561
7360 8074
9935 3118
9395 4432
3894 8275
9730 6854
5395 4336
4600 9620
124 3695
5008 1762
5395 6142
7301 7515
257 66
6854 4164
1301 2577
5329 9029
2650 1762
1212 7846
785 643
3285 1301
8767 6854
1762 1987
4507 9224
5437 1
1799 3375
3469 2765
9023 3721
6744 1799
5480 1465
721 7879
2425 3869
7933 5602
6837 70
7045 6209
3688 2487
9393 3585
1257 7742
3548 6128
8676 9200
2487 9685
1762 2561
7742 9554
3352 4197
4388 4146
9899 3270
1220 6466
1610 2170
6625 3648
4706 9510
5836 7018
3756 5130
801 5347
2006 2038
3349 5395
5065 4297
1118 84
2178 8074
8518 9129
9619 3118
8883 7099
3746 859
6021 2765
7101 7609
9200 9937
8441 502
2230 8068
7515 2923
5237 4146
9850 4197
6854 1813
1773 3635
8068 7007
9625 8950
318 7152
1762 9033
2083 5436
7631 4667
8068 4911
1160 8536
312 9896
6350 1220
8837 7250
491 1160
5731 723
1465 8236
4197 4814
390 826
1868 4507
7191 239
1160 9455
1 2487
3686 8074
8892 2900
3152 8611
1595 4480
4658 7913
3894 1330
1484 6416
6837 514
3634 2038
84 5990
3154 205
6854 411
8354 1308
7742 1159
3804 1327
1301 2643
6854 962
8068 8716
2709 3453
9936 2565
8259 9200
7879 4083
4559 2487
3429 2487
7087 6854
3722 3894
9017 6267
502 7439
3755 2765
3807 5976
4507 1922
9687 2918
1 4482
782 5240
2019 8068
9399 8523
4730 9587
5216 1160
7262 5125
4338 8303
2719 2565
3884 5123
2759 6890
7018 2
7839 8611
9175 591
1 74
3714 8403
2388 7879
9729 8611
7010 8058
3566 6837
2353 9504
6209 1343
669 7729
1584 5513
1851 6166
1465 2571
1595 5569
5287 3585
1762 8286
2261 84
3927 3807
1 822
2565 2485
7004 5892
1327 8629
5574 4010
1799 4696
5347 1388
816 1773
5240 9386
9023 654
7673 1
2651 1465
6779 3951
1368 8074
8428 32
502 9815
3542 5731
2888 5831
5414 6404
4702 6854
6263 933
8068 1226
1773 746
2765 117
2637 1308
4930 7933
7899 9029
4146 4717
1465 4994
9796 1610
5395 3785
1160 1566
1718 9112
3338 5395
2256 48
7072 6033
7386 7693
1160 1926
290 7879
112 6267
2533 7487
5414 3489
1424 1301
3684 7329
1282 9406
1391 2565
1799 5551
5300 502
3118 555
9 9687
6854 7058
669 9595
6854 7331
1636 2368
8931 8611
4328 669
2815 643
7967 4197
84 5911
6680 1465
84 9104
5395 1141
320 1610
6416 4933
4743 6854
84 6006
7386 3005
247 5513
1308 1068
1762 9673
6505 9510
3717 1795
8437 5347
8611 9174
9129 4508
1817 2368
1 4058
2680 2487
6181 1301
7085 9510
8171 3894
7818 9516
1249 6550
995 7014
4863 4831
9008 1308
8068 418
3424 6742
2997 1
210 8397
1267 9200
673 4714
2883 6550
6263 6234
1 1764
4507 8953
4488 2425
8725 8611
7592 6518
2038 1619
5750 3573
7158 9000
7480 7357
932 5186
6845 1773
2752 8930
9614 6854
9593 2394
1773 6237
1533 29
7816 4197
4520 9395
4313 8611
9510 1168
2483 1
2149 7212
9828 7010
2171 9467
1 9433
1773 4234
2549 1220
7879 8549
8701 4915
5731 5707
5067 1762
1260 1721
1 3731
7191 2254
4146 2245
7205 1308
2765 8511
2487 9065
1 1160
2844 6837
9163 7010
3648 4003
5381 1465
6416 2824
8329 7879
1308 3227
6750 2487
1543 2425
5425 7549
432 1762
7191 6906
7456 2487
9620 7143
6608 3731
312 6854
1 7002
8771 2765
8826 2487
995 4772
2439 9620
1762 3509
7158 6854
8191 502
5714 1
9510 1784
2756 6854
1395 9620
7437 9510
919 2765
7072 5786
205 3036
1773 8258
3362 8892
1762 5099
6854 9902
1580 8068
8461 8074
1160 8792
1881 8611
8744 4675
1222 2907
9200 7221
3684 8249
2026 1
8068 931
7487 6954
9029 2961
7742 8723
1738 6854
7770 1762
1220 7753
3557 7152
6209 1194
6854 2463
2487 3919
8444 2487
8611 6474
5041 1595
5731 5579
1718 4981
2765 8212
4199 7933
7248 1610
9016 1160
2425 2908
3904 9510
9055 4507
5240 5514
3118 5420
390 5440
9839 1449
2080 3411
9587 3890
1 1610
2487 6269
7010 3360
1160 6245
1990 835
5925 7156
5224 8780
84 7884
2083 1571
3050 7742
4507 301
9907 4324
8080 5414
7933 8805
3956 4022
1181 9510
5240 529
2368 4382
3236 4146
196 5081
8611 2387
7038 9510
5313 6854
6854 581
2833 8611
7098 6854
8206 9947
3667 8611
3699 3692
4563 2368
1680 5395
7413 8068
5167 6769
1490 6837
4637 1
7833 7879
6109 1
669 9958
8428 4932
1762 4029
9654 5395
1327 1369
3965 9200
9029 7791
867 3764
6259 1799
9395 7021
8850 8611
7382 1301
9377 1465
9506 7010
983 7072
1773 4690
1160 4188
448 3517
8611 7788
8924 7258
5421 5859
9870 502
8081 1
502 8516
2487 3125
8158 1799
3155 6854
2260 1762
4826 7072
1160 9446
1799 3482
995 5243
5841 2765
1762 5394
2487 2100
3648 6095
4576 9285
9907 6562
4397 1301
6917 1
2779 1301
92 1773
680 1160
3118 5205
5831 7473
6126 84
4146 1959
1990 6482
3532 2709
3642 7425
1773 5379
2487 9232
4881 9012
4146 7985
461 5810
1799 6729
1905 1762
9023 1919
2216 1210
1773 8156
7072 7802
1799 304
2031 6059
9620 827
8611 3031
9111 4297
3648 9401
5939 3807
3006 2038
6719 6128
329 9433
2709 5718
502 8682
1214 7191
1762 844
8431 7809
4128 3118
6287 84
2425 7402
1469 5731
5700 9285
4697 5347
9192 5731
9587 9616
4533 8611
1160 2826
5322 4100
9395 1652
3253 1773
3684 1177
146 3807
497 84
8453 3731
3060 4197
6416 2201
7879 9521
1160 4268
1160 2383
3978 7191
9200 5944
312 2048
1 9057
9510 9030
5731 95
502 951
6854 5001
8611 3608
1773 4252
4507 8587
4651 6854
461 8314
9193 9620
3089 4338
7853 8924
9510 8015
8979 92
2008 9200
1301 1334
4901 5186
1437 1773
7493 6854
3460 5395
6144 8068
7879 3229
7350 4197
6699 1160
8068 190
5513 2959
5414 8269
8068 5768
3971 6267
9197 9467
3811 2487
1 789
6375 6854
938 4831
7325 8068
8148 9907
8590 2660
3894 7823
9461 2765
4831 9002
595 4507
1465 6934
5180 7072
1 3329
502 1857
4022 6247
5848 8068
1610 1552
7592 4302
5395 3814
3893 1220
1610 248
8164 4507
3585 1275
5885 8068
1762 8867
7509 502
4727 600
995 2661
6550 3106
7497 461
2214 8611
1073 5347
7039 6620
2416 4143
1 4174
9700 7072
8504 7742
2709 317
1273 1799
641 7499
1160 9046
1494 6837
4198 5414
1762 538
7212 2085
6509 748
9326 7879
9379 4197
1 3334
4197 4402
7072 9419
9304 901
3894 2764
1921 1160
4642 6416
1762 744
5576 205
9012 3108
7010 241
2505 9395
1610 7277
1939 8611
5536 1762
6128 6984
4127 82
8955 5240
8068 1816
4146 9088
2627 8248
9129 7979
6157 9587
7997 9687
5896 9200
5807 1799
8710 7631
4598 1301
1773 3708
470 2765
4146 1326
2603 7010
8902 5395
2964 9587
1773 1052
9062 2368
390 2263
9307 8837
8837 7383
1773 4030
857 84
3900 84
4622 995
8280 1775
6416 1189
2765 4253
7212 7047
5282 2452
1 5971
9907 9118
8074 6981
8696 7738
325 8206
9620 1901
9467 1092
3959 2083
9395 7773
6369 1773
328 2083
137 9907
9510 6459
9406 8681
9571 6185
1762 3322
1610 9160
1723 1
2487 2461
3684 4139
3254 3648
6491 9023
8068 7824
6854 6806
1359 1101
8068 2831
9164 84
5130 6795
5347 6081
2371 8068
1215 7135
3764 8189
3626 8428
4127 7214
2765 2451
757 4197
5630 8068
7154 9395
3819 643
5172 2487
2188 1266
5916 7879
669 8940
7212 1442
4614 1308
1799 6895
669 5595
995 1064
8074 3189
6653 1206
7515 1124
3633 4197
9824 5240
1672 8943
9082 7072
4507 3044
3648 8860
1 2690
7227 375
7592 5862
4644 995
5395 7208
6318 1465
9200 7003
8543 8065
7179 5178
1799 6115
2083 8845
9079 9012
9267 390
205 7432
8611 4123
3343 615
3585 8295
1762 9628
5305 1308
5897 4741
3585 6193
6849 8397
4472 977
1 39
1160 9403
1989 5240
5247 84
6469 8206
4045 7933
1465 6534
690 3648
2083 1441
6835 4507
6390 7018
1160 3396
443 461
6475 6854
6416 6549
3208 9907
9144 5240
9603 1220
1762 8882
7018 8684
4357 4197
7000 3951
6837 6761
1610 7274
6837 8174
7072 6508
9477 993
9571 6025
8068 2252
4712 4831
374 4146
9200 4017
9907 7826
1773 8413
6854 2588
6728 7152
4012 2765
1 7328
4990 615
2024 4338
6059 2568
1610 2334
9620 3075
8068 7562
7511 8611
9110 7742
6169 591
1956 6484
7815 8696
2368 8660
6166 4811
630 7010
4351 4146
1762 9703
2083 6811
2111 8790
7191 386
7725 5731
1773 7702
2535 9285
9070 6059
3757 3132
5731 1755
4338 6947
1995 4507
3648 6771
1301 2339
4550 6854
5 6550
2368 9864
1865 669
1160 7627
2946 4100
817 1308
9620 2287
6923 6854
1308 4645
5783 1
8068 7804
6209 7418
2487 4177
9522 6854
3998 3305
9253 96
9519 9200
8611 629
4507 6684
1465 1630
2515 4146
1 9413
4146 8702
2487 2536
7664 6854
2083 7932
2765 7333
5501 2522
9019 8074
7611 6647
1188 1610
8740 4197
390 1676
6876 7191
1762 8747
4303 1327
9395 9895
1718 7903
2476 66
502 5217
2106 2425
154 5053
5805 1
3250 5201
9758 4507
9023 4002
8946 8068
7186 3684
7933 3762
579 3951
9587 1219
6550 1958
1266 6032
1762 4545
3269 5240
7238 4507
1782 8346
390 4459
9535 8611
8530 7933
5912 84
1773 635
4146 2945
1465 4784
3624 669
8111 2765
3951 3996
6405 1799
291 8924
7933 9218
4100 8834
1 1716
2083 4285
2114 9285
6221 8068
6209 2903
7108 3585
5419 9395
1465 2676
2487 1175
2581 8068
5865 995
1773 967
8864 5695
5554 8206
9395 9889
2523 6854
3065 5240
4410 4022
6297 1672
6128 9573
4197 4786
738 645
1160 387
502 3147
9571 4628
830 1
9620 3559
2556 3894
2215 995
7175 9012
7677 1160
6653 6854
8633 9395
863 6854
7954 2765
1406 8611
9971 669
5005 7018
4146 6521
1 7785
5731 2336
1 9587
1762 6577
1762 6343
6768 7212
5240 9474
681 669
6883 9188
4270 8837
877 9129
6108 1
1 9500
2542 7191
2627 9860
7536 5240
5714 8142
1610 7902
9081 7176
8013 7879
8068 3011
7742 4755
8553 859
2301 1301
7742 322
1465 6147
5162 4197
1863 4197
1327 1918
2487 4400
9510 314
2177 6166
8428 2595
2856 1308
5130 6850
5240 9920
2487 4790
9023 2445
8924 9373
1773 9966
2702 4146
1766 9945
4921 8424
8947 1359
3807 8560
9467 9748
7010 8178
3648 3144
1062 1
4183 2765
6837 8846
454 8074
8403 1
9012 5861
7152 185
5535 7879
643 8050
8950 7563
8068 9768
9546 1308
5273 6209
502 2447
7465 7726
8611 4578
1359 8616
8282 1766
673 1481
1301 8052
1 6153
7521 1766
7010 9788
1773 4190
615 3142
8842 7018
3256 748
1220 1423
2321 6854
205 6191
1610 7771
8611 8363
7730 7549
1762 5816
1622 8905
8208 2050
5884 7010
6312 1762
6576 8837
9236 7592
6952 6209
9720 6620
4754 4197
4057 995
2496 8696
1301 9517
1 4577
324 84
6854 2584
5433 8696
1860 7158
4980 1
6166 3817
7552 1610
5077 2083
9415 3807
1301 1879
6854 3363
3894 1468
4877 9571
2125 4146
2765 5136
9620 5238
378 1773
1833 84
4597 5831
9200 3588
9769 5395
9358 9129
2452 9318
4820 2083
1773 30
5224 1
9510 9578
4968 461
38 8837
2564 9395
587 6209
1162 1762
84 7269
1301 7977
8611 7572
4507 8589
8807 7010
3765 9571
6166 3274
1688 8068
6190 2083
3180 1465
738 8852
1766 3892
1 2385
3705 9129
1728 1
3105 1773
9808 1308
708 1244
5533 1762
7718 4146
5366 8139
1160 5361
1948 995
5984 1
1681 1799
4627 7010
4661 9129
4238 2083
3517 5341
2487 9459
4720 5123
2709 8120
3455 2487
1773 2430
6653 3558
1742 1773
2552 1301
4197 3218
797 1260
8465 1773
1 3381
1762 3148
1 4453
5414 446
394 502
8611 4120
9452 2996
5464 9200
8205 2083
6854 8238
609 7152
4507 4938
7462 1799
5025 1
2949 1465
1657 4307
1160 9449
7072 1855
2709 496
1 2709
7072 3800
2368 1331
1 4367
1799 5953
6854 5563
9425 4307
8776 9907
9395 2818
347 4197
1649 5414
2368 6676
1327 7235
9281 8068
5513 4591
8068 7829
748 383
7234 8135
1610 3389
2782 4022
5893 6854
6014 1799
1 5210
207 6008
9169 449
4507 9721
6363 502
4604 1465
8611 5248
8701 3074
9012 97
9783 3894
1915 6837
6854 7960
8924 5360
9023 7594
1308 6986
3964 7010
3474 1538
1701 1799
1795 9040
2627 6842
2670 4197
829 9587
2773 669
6854 5540
4167 7933
7631 9362
4354 6854
7010 549
2660 1478
7490 669
2968 1610
2772 591
1762 2197
4507 2675
4507 8966
9510 7228
8410 8701
8072 8611
4472 9869
1 2565
2083 1
2425 5215
1718 1
5240 9198
2009 6550
7888 9467
6907 1773
2083 6139
4871 3270
7272 8068
838 84
9620 8828
2853 8068
7293 9571
5938 6854
4127 2140
7411 5222
564 2083
5395 1616
1891 2425
7628 5438
6854 9354
6510 3270
1 8176
2871 2660
1610 9926
3769 5130
5346 7549
1791 1220
3894 6189
9621 3585
5160 5395
1763 5240
390 5169
2357 8611
9467 2729
4197 2694
2518 5501
5395 7337
923 6837
9053 669
4108 1
7018 7814
1 4472
8599 1773
1498 7072
4146 63
2498 9510
7913 9886
8653 4197
4292 1160
8403 7281
1 2814
1944 6968
7076 6484
8068 9043
9992 5731
2487 1443
8451 615
8611 5523
5395 3952
5058 8611
6084 1
9200 5689
1284 1799
2022 6416
1228 7933
390 4967
2559 9467
2765 7752
2878 6854
1160 1534
9287 2487
6854 9979
995 3903
7713 84
7807 7880
2368 2723
84 9230
1 8568
8316 5347
3826 8068
424 7010
5129 8068
3118 1096
6256 2907
4238 3751
1610 1421
5525 5414
4838 8068
669 940
1802 7209
481 5409
7549 8708
1610 8347
615 9763
8406 9146
748 1977
8838 7933
4428 1773
7628 9438
9129 6833
8711 84
5573 995
6324 8837
2128 1465
6240 4146
1160 8952
1301 7588
5192 9979
7933 5006
2368 7041
5731 2110
7191 3829
3676 390
1007 9395
1762 8641
5822 1990
1465 9457
4338 5743
7072 4082
1766 9846
8611 7882
346 3894
7 8611
6394 2487
5409 45
4100 3923
1762 8786
4146 4798
2241 8068
7879 1820
9129 2520
5186 8068
1465 4040
3536 3648
8428 5358
9526 5513
8721 1762
3684 3384
995 1586
6407 8611
2907 3691
8292 9510
501 8701
1465 9969
4260 5414
3280 995
8777 1160
845 84
6267 1
748 5047
7579 6484
288 3643
8224 2083
2627 7207
7728 1
1 4506
4230 7879
8873 1
7010 7264
7072 1704
7283 2631
5869 4204
3341 9510
1 5130
4325 2765
1160 3258
8541 2565
122 7995
1327 1005
5302 9395
3441 7255
3612 4197
6057 9907
9571 8136
928 1160
9200 1276
1140 6209
3821 1
7101 9301
1773 4601
7072 4787
6837 1
3684 2367
8924 8311
1160 2249
502 8306
5395 1169
3684 7168
5731 4621
5694 8397
8063 4507
4818 6416
4146 8774
7933 7761
9571 5881
3585 5564
4307 6686
5393 4831
9467 813
748 108
8186 9510
9200 7948
7203 1301
1752 4197
7191 369
1773 1757
438 1762
922 5831
8427 1773
7119 7592
1086 1
3070 84
3118 526
2425 7184
9248 1799
8784 8068
3164 9395
5309 8428
7549 9247
8068 6129
7905 7933
860 643
2565 2734
748 1710
5168 7879
3807 8167
3684 4391
2585 9285
4458 9285
4423 6166
1 375
1346 9571
671 6854
4831 6821
2565 8315
8285 9023
5639 995
9290 7191
3474 5496
3121 1773
9907 3003
7742 4309
7191 6637
9452 8510
4507 3730
7162 8523
1352 5714
461 2965
84 3535
2765 4287
2368 1280
2038 6691
7742 8603
4338 897
1773 1070
7010 9880
5130 7734
5808 935
5258 3951
8068 9382
3594 5395
1301 7319
1909 4831
6854 5719
9452 9252
5601 6013
9907 3650
7010 6634
8068 8909
8611 8488
4146 4334
9571 5891
3894 7720
9907 6301
7010 6522
1212 1
9986 6166
402 8611
9452 6244
5071 1
9345 1
7182 8280
5427 6837
8206 6238
1 3213
9990 4507
8206 2576
8667 2083
747 2765
2993 1160
8611 2049
1160 3659
2425 2686
7005 1260
589 9907
4507 6137
8611 4175
9012 6737
7212 4249
591 7916
1 9157
4507 6366
5240 6504
1 9145
8035 5186
669 8502
3428 4507
1655 7359
3951 2458
2038 8714
4507 4089
1 6860
9571 8601
995 3197
1465 7492
1 98
9228 7584
1773 6470
3891 1773
1924 9998
675 4197
4883 2487
1 2604
615 9662
7449 8696
4507 5453
5854 7191
1 5081
1562 3894
8074 2978
1749 7933
4869 9023
669 2860
9620 2324
4929 2487
3024 4741
9809 7158
8403 7990
1610 5521
234 2083
5414 3914
1220 9944
84 2563
7072 6672
5351 5178
2679 5513
1465 3783
6854 3287
6416 8272
3894 9756
1718 2892
1301 1032
5449 2368
3331 5414
3521 7879
2874 3118
2866 1465
7592 4889
9900 669
1 4307
9452 5139
6854 9146
5347 6305
5997 6854
1799 2236
6702 5414
461 8960
84 9831
1762 8338
4507 5590
6550 5844
4353 8074
9907 7230
2121 9907
669 7942
1758 1308
6555 1773
5542 1799
2452 7249
5988 2368
4831 132
502 9006
1220 2494
390 6957
1610 9131
7251 9169
4831 8233
1465 8044
9012 4416
7740 5831
7933 9586
1773 5028
2273 7631
4507 9577
8091 1
2105 8428
669 5526
2053 1773
7191 1373
3840 6854
8525 7455
479 6854
7191 4422
1799 3140
1327 7282
9423 8068
9027 7933
1160 5441
9351 1762
7933 8903
3496 9129
7687 5731
8837 6969
1264 1
254 4297
4435 1762
4221 5414
1411 1762
4197 9608
1610 8938
2636 7183
9907 3833
3219 8068
6187 8074
4825 7212
5387 8183
1160 9325
3851 2765
1358 9907
1773 7668
1220 5886
9504 6148
9571 6198
5234 9907
5113 1762
2707 2765
6009 1327
4146 8520
3684 7342
4146 3224
9388 669
3054 6013
1 4566
8611 5957
313 3894
8068 4675
9395 8087
6854 7491
9907 1932
3684 5128
7742 7848
2057 3894
1726 6854
1762 1057
3683 738
1980 8924
1785 8611
8463 591
1799 1356
6980 1799
3760 6837
7976 6854
2487 5981
7387 2727
5543 3253
5015 5366
2797 5240
7191 8879
9433 6040
442 9933
5731 9171
8701 3658
4133 8068
8373 390
8074 9818
6376 5560
4022 8562
7742 1366
2256 3702
1539 6854
7742 3409
8068 3530
8831 7357
5186 8508
9510 5266
7212 8545
1773 4445
4146 601
6358 1762
1160 6899
6854 4343
2632 8837
2907 9366
2465 6075
615 742
748 7692
9467 3032
1773 5715
1773 256
1773 9823
8126 8611
995 4518
643 1383
1659 5513
9395 2578
7786 7933
3118 527
4831 1
3832 1301
8455 2487
9273 1
4146 8991
3043 8074
4507 5124
1465 1548
8611 2914
5685 1
4550 1335
2425 5340
9433 9137
4197 8222
3354 9510
5748 1
8611 4749
5984 2758
3807 6232
1160 5195
5401 669
7410 9979
486 4146
84 7161
6854 9501
5751 7010
1160 3677
3682 7455
8362 1773
4022 5339
7487 711
461 7278
1610 8582
9961 6416
2947 502
3118 4097
4970 7010
5395 6551
5392 748
6166 6145
6166 8546
4569 4197
4121 8837
9587 4224
1 8127
348 9510
8563 6854
7636 390
6586 3118
84 8281
6695 6854
1327 4244
1762 4951
8436 4507
8392 1449
3578 4146
511 390
6484 2775
1465 2594
5178 4374
7149 4127
1762 5701
9244 3894
2486 7933
502 6041
3049 6854
502 5769
2083 2695
84 5547
809 1762
7645 1762
2765 6229
5240 6179
4831 5557
8924 4031
2290 3894
6854 6273
9200 8057
6209 3962
5565 7010
2857 6550
887 5240
143 6854
9452 2194
5240 9576
84 2400
3951 5935
1 7628
828 7879
7010 3239
9508 2487
2765 8576
1762 359
2836 461
3026 8837
5731 506
6338 84
1762 461
502 1111
7010 5693
1 4473
2368 3944
4779 7742
4146 3941
3696 5674
9632 6854
2487 4701
6059 7371
4041 8068
8705 669
1 7706
5983 9023
1292 7010
3118 2259
7434 7152
1762 3497
9571 8851
7845 9129
502 5682
4197 3357
3831 7419
2678 1
1762 169
1599 6854
7515 5756
8183 2428
1610 1634
7613 3807
5731 2972
1 390
6854 4475
1160 9360
1 6219
7487 3358
6212 3731
1465 4703
5165 1
1434 502
9012 5376
4112 2368
3544 1762
3575 5513
9822 8074
4880 7933
4979 6484
1496 4902
703 1762
8375 84
1610 6567
3894 8848
2910 1610
2958 6209
8068 2046
5615 1
530 1
643 434
1301 2963
9023 3601
8611 5443
7742 1307
2487 1477
7549 1486
2144 4197
9979 5283
2980 9169
3585 5858
8611 9077
1610 6559
1888 1308
9623 5395
6034 8892
6854 333
7275 2765
7472 8611
1 1961
4170 8611
6416 7027
3894 806
3696 8919
5553 9587
8074 1024
1 1493
3614 1
6878 6814
1766 2181
6837 2886
1278 8701
8548 8068
7134 1773
6854 4793
1 6209
5688 1465
4146 769
1 556
937 84
4218 9129
9029 5641
5167 1
7416 5414
9285 391
124 6830
4587 7312
2368 4937
375 8454
1610 9718
1161 9467
4022 6629
2083 6636
1223 748
6853 4297
7933 1272
5240 8639
9776 8611
669 3776
7072 4044
7879 9279
4146 7016
1595 5122
8280 1815
1762 4776
1093 8068
9039 2907
3852 207
1427 7191
3150 1
3430 1773
9349 1762
1260 758
9395 8381
653 9012
2649 4010
2452 1309
5731 5646
6109 46
8788 8074
2487 2193
2565 8319
3648 1556
2487 4138
1773 6110
1327 8915
3181 7487
413 9571
9907 2970
6533 1359
2765 55
7072 3136
8611 5623
7933 7857
7656 6854
2368 4415
2459 1449
5731 5518
4741 1270
1799 8252
1495 4507
6416 7394
9571 4590
356 1301
8793 1
9452 4016
1465 3917
6914 461
6715 1
36 7191
5179 5731
1160 7226
9200 4015
3445 29
4022 5411
7999 4100
3704 6858
669 1128
5028 6452
8068 5659
8206 1
5218 6166
2255 9907
7907 8696
5347 6055
8893 288
8923 7152
8621 7933
2714 2905
6550 8433
1 8183
9268 7592
7478 9200
1544 8336
2376 2752
9829 6416
1160 6669
5588 2368
5414 2129
2307 9587
1 8883
855 8068
3947 84
9429 8428
2368 2953
400 4197
4146 4368
4018 669
1773 5855
8109 1160
8068 6383
615 6408
8924 2974
1160 737
1 8459
9467 3844
502 6670
3282 2487
6465 502
3118 1832
1301 4192
1018 2083
7072 1772
515 1160
7755 1327
1301 3981
5035 4507
4762 1773
9129 4817
9427 1308
3951 5873
8588 2083
5513 5607
1610 4823
703 6951
7152 9443
1773 2742
1465 7028
6209 8302
6153 4950
7359 4993
1 2333
8611 1088
8537 3438
986 5347
6036 3581
6851 4507
9504 2499
1465 8313
9433 8490
4320 9012
5585 1762
5497 4507
2083 1336
2038 6646
4467 4197
2044 84
7757 1465
465 1773
726 6854
2487 3495
4026 3684
7879 3373
7139 9023
3118 6257
1990 2322
8932 502
1 9940
7879 2551
3441 1203
6293 1610
8837 823
5347 597
5295 8068
6416 563
9121 5731
3173 4550
1610 9524
5672 7010
4805 7010
9949 9433
9029 6492
9157 1412
6166 3715
6863 9907
5130 8355
9169 8729
8068 8040
9593 123
5161 5123
1595 3572
8611 9690
6186 1160
5259 9571
1465 9181
643 1549
4146 7035
4297 9626
421 5395
5414 665
9547 4297
2487 8959
205 1429
3517 4809
5386 1773
5631 8892
902 2487
6209 4273
1622 6854
1773 8473
1773 1501
1773 7409
5586 1773
1780 1301
9866 3648
6854 5490
3411 510
2487 4021
8611 1109
1474 8924
4568 2487
1327 1060
5804 8924
1924 6854
588 7072
4756 5513
6166 8756
6431 1799
2083 4135
8611 7629
4322 6416
2368 7482
5513 791
3672 1799
1043 1
7072 3302
4507 4954
4100 5791
2374 4197
8025 5731
8348 4507
8517 7742
9200 3857
1461 9552
4801 5831
1160 7502
2765 5292
3907 1301
5559 502
2256 1
9161 461
84 198
6053 4022
9483 2487
1762 5664
9587 3112
1322 7010
8697 2487
1545 6837
5150 1610
1614 6013
4307 5624
255 1610
6815 9571
4009 615
7983 3807
4910 8701
5872 1766
1240 8611
8428 7450
1762 9699
8447 8206
3807 3539
3909 8206
5188 9587
3737 375
6764 9587
6739 7152
3871 1
1301 8344
461 4608
8428 1112
628 7933
3092 1762
5883 9200
8699 84
8657 4507
1465 5426
1942 2765
5090 6699
1 6416
502 9681
9108 9200
6698 8611
1401 9029
84 3713
6166 6978
8068 6131
8457 9200
7123 1610
3664 6209
583 941
1449 621
6166 6422
1773 4742
5395 6330
6767 3951
4197 9222
4146 1976
9897 4197
205 9751
8719 6854
8856 1773
4197 551
6854 518
4166 1220
1762 1480
84 3771
8849 4307
3700 1308
8543 7335
5594 5714
2952 3411
1327 842
8611 1460
4197 9319
9537 1773
7191 224
3638 7212
8443 4197
3807 5920
84 3298
5432 4197
297 4146
428 9467
9029 8458
9433 8738
1 1731
7847 9510
1792 7628
5344 5240
1467 2907
894 5731
4127 372
995 138
4956 1762
3606 4338
5731 1645
9571 2681
2928 9129
6209 7252
1766 818
9620 6397
6854 180
406 9012
6146 2487
554 1799
232 6209
7799 4146
7194 7191
7501 5414
8206 1304
995 1650
319 502
9805 312
502 1225
8611 8468
1308 6632
6130 5820
9907 6713
8068 2116
8074 7025
1327 592
4331 8611
6712 7010
5130 9596
5895 1592
292 7191
1359 1518
1465 2645
5395 5246
812 6166
9395 8271
3648 1722
1266 6325
2907 9814
7549 8921
4066 9414
5752 4507
669 5182
1117 1762
9571 9888
1 3577
6166 6143
6418 9169
1308 1777
9510 973
2054 1308
4100 134
8068 2915
7879 6975
1308 3306
1301 2356
9012 426
3314 9467
9571 395
2452 1238
4741 8713
2765 8478
1895 5395
5889 9433
1965 1231
390 5796
9391 3764
871 5714
7010 4446
7125 9129
1293 1308
1341 7590
8513 8696
738 5477
7010 1
1773 8129
2752 8689
5186 9491
7411 9342
557 1
9615 3807
8779 7072
1077 1762
8007 2038
8074 8092
719 2765
8680 1212
9666 1762
8897 2765
9310 2487
4470 6854
1 1244
2425 9539
6983 995
9726 84
1465 5740
4197 5306
1160 6413
8611 6286
9635 1965
5240 8219
1301 4913
6854 9923
2368 7407
1142 6059
390 4087
9510 6936
2795 4146
1160 8706
995 4878
84 4849
3951 9746
8679 9452
1 1647
6346 9023
748 5982
8523 2583
9206 8428
7072 1
1 5633
8978 2765
4094 1762
6416 1740
6516 4831
3186 6153
7018 1187
9559 8837
7487 6467
4726 1610
1773 3153
4610 7455
5240 9713
6854 9711
2368 6262
3716 4197
2083 4379
8068 4277
1428 738
6166 7463
3997 9510
1929 1
2052 4807
9229 5240
9059 2765
8542 4146
8428 6909
2368 5278
9437 7933
6854 819
775 6209
1912 6209
9907 9999
7879 9531
9200 4000
6857 4146
502 2475
8814 5240
9599 5395
4297 6282
9810 4507
6013 3463
5575 2752
7879 2267
1 1624
9504 1
4390 3684
7520 9012
643 5439
8068 7546
1773 7537
80 7487
7995 2817
5227 3684
4456 4100
5293 8068
8701 700
2925 84
4831 176
3951 7287
5722 9571
1033 7549
1957 2722
3275 2765
7742 3552
4146 1864
4958 2487
1091 4146
4197 8399
2247 1260
6854 4723
685 8611
9820 1773
2935 5414
9620 4966
7864 6013
111 995
1 6370
1485 3757
8078 1
9380 599
1773 3523
6886 1762
4507 1582
5731 1627
9765 3894
207 1269
4507 7103
8173 643
5903 9510
9504 9780
6738 7425
8403 7739
502 5681
573 9406
1698 9433
7411 9989
2987 669
7803 1
8611 9752
1525 8701
6621 1773
3549 1160
1576 1160
5343 9023
1762 1693
748 1342
6242 7191
5538 1610
5731 4289
7506 1
8696 7971
1 2330
4896 4258
1610 8267
1244 7314
2477 5395
1147 9907
7832 502
1535 6209
98 6024
8638 4197
502 3013
4127 1
577 6854
2820 9200
5395 4928
885 8611
8887 1
8134 2368
1263 1
539 615
1160 6401
5918 9587
9169 3879
2602 669
3848 1773
6584 8924
7879 6216
1516 7742
2487 6310
1 4965
1190 502
8068 3259
1070 1877
9781 7742
7280 1799
3648 6935
5291 4146
8494 4507
5395 1258
7742 6392
5171 4197
5152 1327
3517 5661
6267 7820
4419 1301
2989 1773
1966 9395
8074 3958
748 4975
1610 3020
2780 2159
8611 1724
1452 9200
9907 2573
9395 2807
6656 205
6060 1
3666 4507
3200 6166
1 1398
1308 8578
7202 3505
380 7515
9433 3899
4100 3758
6627 9395
5962 3253
1 1301
8985 9169
5503 643
1301 5517
6384 5366
9924 1762
5395 5894
7242 1762
1610 8423
1160 8041
6550 1347
3908 4146
7330 3585
3985 84
9786 1762
4507 9773
3894 9058
4197 8895
335 7742
3806 8910
1773 3855
2368 2316
2931 4338
6246 8611
5732 2038
5831 427
1762 4258
9069 2038
4536 5859
1610 2195
6336 4010
4486 9452
7455 8763
8074 8717
4023 390
9054 8068
7592 2243
9129 3583
9907 9592
1957 705
2752 4205
7152 9489
1762 9117
7428 8696
5734 3684
7191 466
9977 5130
4100 6996
2765 9901
4955 1773
2151 1160
9180 3951
1 9452
3764 1
8837 358
5240 5249
9910 9012
9433 5604
5731 4346
4976 5414
1387 6166
6847 6854
2368 3564
4197 2550
1577 5395
3580 8397
5240 1103
4532 5714
7872 390
1465 1097
1465 3472
8964 7212
1058 2368
7912 9587
7742 1884
9510 1457
9395 1603
6528 1220
8397 7237
8074 8210
2183 7072
5011 4197
1762 6203
1224 6445
9285 163
1013 3517
878 7592
2487 5301
7187 995
3440 5395
207 2623
9297 1
1220 3129
4682 84
6854 5650
3648 3119
5831 2292
5311 5347
2861 8924
3118 7128
6854 1004
2368 5870
6854 3553
1773 2548
9553 8068
6733 1799
995 1
4455 3573
1762 1685
2487 474
4282 4197
1301 4344
4146 2731
941 8783
4693 2727
2850 1301
5354 995
9907 8628
7879 4579
3617 9587
4507 4534
4741 9032
3276 8837
2083 4462
6438 5395
8523 7118
3517 6435
1762 1899
8370 5366
494 1465
8476 4146
6101 4507
8068 9439
3517 5459
1301 5655
3689 7504
9023 6054
7034 6854
1 4746
2666 910
4474 1308
9029 3798
130 2368
8068 3786
4593 1795
8068 3245
1610 4359
170 4127
3085 1
3441 1762
2425 3943
7152 6910
837 1160
4235 5731
4537 6837
6209 5145
1301 2672
969 8401
2277 84
2038 9458
1762 1695
6331 7010
1610 8217
3723 6854
7191 5418
5254 1799
2038 8382
1070 5568
2003 3118
660 5395
5566 5513
1133 8892
1 8093
9436 1465
3336 461
8892 6501
6796 1
3916 1160
7879 8032
7487 4327
6854 6679
5993 1465
3234 673
6854 6073
833 3648
6166 5508
502 9518
390 7674
6854 9734
3563 6358
3894 6813
7510 5831
1762 3922
1176 8068
1610 2124
8611 4437
9447 9510
4507 8067
2500 6209
9012 594
3547 8206
5731 8095
8180 4143
9129 2229
9817 1
7212 1
6515 8611
7191 9583
2038 2843
1687 2452
7072 6118
2765 5142
7074 1160
5157 1220
4146 617
6556 1766
901 6064
6434 8068
6159 84
7018 5333
3411 1377
8611 7775
2359 7879
3966 1465
53 9285
4972 2487
2733 2368
8218 9620
7515 2626
6498 9620
2341 5366
1015 8924
825 9169
7651 1773
5831 7289
9587 8020
8056 8336
9165 9587
9456 4146
3551 4297
5026 2083
2256 7140
3894 8297
5747 3270
1712 98
3788 1766
9005 502
462 7010
995 2800
4146 4687
7742 5000
2529 1301
8611 1768
4150 2083
1773 4011
6641 8611
3086 1160
8192 8696
7648 1773
2921 5513
393 9285
4507 4617
9705 3684
7592 7566
131 8068
6633 9012
5245 1
814 2083
6105 7425
3801 1220
5827 6854
4862 2765
8122 3474
732 1
9012 3883
3474 1131
669 9179
4507 1027
101 2565
5934 1773
615 8450
3278 5395
4092 66
502 9331
669 4985
6854 5509
1139 1
2487 3824
1259 4197
1465 903
1 9515
6537 9620
5444 5240
9571 2490
6140 1308
5731 2855
1705 5395
5714 8123
8922 7072
7879 2017
3618 7152
9277 1799
5832 8611
9080 1762
8351 502
7984 995
7778 9169
7701 7152
84 8583
5019 6854
1773 7854
7295 8611
3209 1
9701 1762
6854 6525
1016 502
3146 7933
8068 9148
3399 3684
2801 6128
626 9200
9012 1372
4100 1
1984 7879
3122 6944
8611 1146
6854 3114
2553 7202
1773 5766
6088 4197
84 4719
1055 4100
3004 8428
6723 1
8068 2667
6854 9253
9968 3118
9313 4507
7515 6093
9421 6854
1990 970
9298 4507
6029 1017
7631 126
8068 2635
4393 1762
5460 9395
1762 1745
6569 29
7933 5614
2083 2985
1773 9909
9922 7072
5975 8068
2581 2909
7004 8611
5240 4555
7742 5231
1301 5860
1856 154
8421 8883
7088 2627
6166 6046
8837 4279
8523 2806
1465 2555
1463 7742
1766 4834
1773 8748
7019 7879
4010 1
2079 1799
7152 9408
669 5692
6230 1160
6854 2175
6059 8703
3878 7072
2957 390
2196 1
9433 1765
4507 548
1570 9433
5240 2455
2954 1728
8611 6271
9395 9562
7055 5731
7530 9200
7810 2765
5140 1308
4478 8696
6570 3582
5714 9852
6561 5186
8133 2627
8206 5933
1 7661
1773 874
9285 289
748 4650
1505 1
6953 2368
3795 8924
4070 1799
5789 1301
2765 1550
3803 2765
5728 2452
5785 4197
3810 8611
2275 9285
5617 1449
906 7989
9467 547
3118 4515
8011 5714
2727 7124
489 1799
3483 1
575 9510
2038 142
8830 9620
1 2021
5926 1160
9640 2487
5549 9510
8298 502
8892 4769
4203 8068
7742 3028
135 8068
9200 9733
6971 1762
4440 6854
8611 8539
9512 8611
8913 2765
7883 669
5373 8068
4398 4297
4280 8837
2710 6778
1982 9285
2638 4307
3654 8696
4612 6854
2083 2281
7933 584
2083 6483
1123 7879
9012 2185
1504 995
8467 1301
6854 2013
3248 502
4146 3030
995 2717
1173 7359
4507 4014
8942 1735
2403 8696
7283 5110
8611 7652
1465 3204
7754 9129
7630 9979
2364 5240
7628 9257
7010 9417
9285 8261
643 8658
6360 5414
9029 4983
1308 3579
3118 2029
9278 502
8801 6166
4648 6128
9395 2449
8097 4197
1465 8321
6854 9919
669 4853
5876 7072
2083 1087
8674 2368
7072 6568
5317 1308
5409 1
7663 1762
4991 9907
8068 1254
9915 6166
9516 7379
1220 1183
8378 1301
773 9253
9418 124
1886 1449
4507 7764
1762 7018
2487 6388
1589 7417
5461 1773
9029 4227
5174 8611
225 205
3355 5414
7807 674
748 3159
7653 9200
8284 9395
1152 669
5423 7010
390 8138
7191 62
4338 848
5632 3894
6740 7933
6059 6963
6854 1965
5166 5366
1773 1938
58 8341
9974 2627
3592 2666
9538 669
7158 3034
3083 4197
1668 7212
4286 2765
1773 7466
6013 3321
4319 9510
4118 84
6457 4143
9276 703
3474 7711
1078 84
1479 29
9587 3759
6858 6854
5731 5637
8567 4876
6787 8068
1 9510
7010 4558
8289 7010
7933 7623
4468 461
2487 1354
2410 2709
2487 572
8428 5676
2575 7010
6881 4546
7006 8611
8149 8696
9169 266
2386 4507
8125 1
4978 1
3757 5755
738 8507
7742 5948
8151 7411
9433 1973
8572 6837
8579 8074
7354 9571
436 1762
1301 6446
3894 9639
1301 9589
3390 502
1389 9395
4025 5395
1301 1079
151 1160
2747 8837
5866 3414
9140 1944
265 7283
7114 1799
2973 5395
4281 1465
7628 6102
1821 9200
8068 6217
4146 3421
6166 1916
502 9288
4053 2627
7879 9294
8532 84
5240 544
3163 1160
3585 6552
272 1160
8837 4465
669 9260
3894 6241
8053 1327
2072 84
8068 3101
9200 3991
1589 4197
2920 2765
7809 1762
7735 1160
7191 9863
6854 6547
7059 8696
7592 8029
4100 3651
738 9271
6166 1268
5905 9687
6705 4338
3585 1
7072 3936
6314 5534
1 7126
9931 738
8452 9395
4507 6111
7212 639
6315 1799
9012 1591
7598 7018
5213 8837
2901 9510
1449 4042
3924 2083
5395 4584
738 7070
8524 8068
3887 3807
7283 3501
4297 6854
7386 6074
2565 8106
5102 9012
4197 8499
4349 5395
7361 8074
9571 5451
644 4507
2765 8213
7935 375
5350 1762
8611 6233
1773 8085
2432 1160
8809 1773
8280 5211
4633 7879
7879 8872
734 1799
8797 29
1510 8068
2262 7072
5130 9525
9540 84
7933 1306
1718 215
271 8611
4807 3431
1301 9211
6051 5731
4438 1160
6854 116
178 5831
3323 6059
8611 1069
1 4197
252 9200
9587 1574
6445 1160
8341 9984
6623 1610
154 1762
7860 8386
5458 7455
1631 1990
7499 1
9537 3160
4831 790
205 3739
6309 8068
5395 1425
1 5618
5831 2272
5596 8068
1046 9571
6166 1054
3035 6854
1762 9565
7541 375
7152 7895
4146 4984
4197 4792
8611 6905
114 1766
1770 1301
3122 2562
5731 9728
1301 7957
7913 1
7933 2036
2487 5384
8924 2323
8648 8068
3481 8611
2104 1773
4338 8033
3118 9645
9023 6083
5183 7072
5825 1941
1799 9644
4100 8556
7191 679
748 7120
704 1301
4137 4146
3103 7879
1 2425
6013 5203
4153 1160
2014 84
8696 4897
4197 4231
312 9775
1301 1433
4507 3792
1 4484
3266 8611
9012 3712
8924 2745
7879 8602
4022 7192
8611 2740
7862 3894
4297 6303
1 8837
2338 4507
309 9510
696 8837
7064 5778
3117 1160
9536 2765
84 2309
1937 4507
9023 3246
912 7101
6550 1
6866 8611
204 502
2790 6209
5794 4197
6854 2611
7357 6854
1850 2083
4507 7904
4146 7332
8701 2460
6337 2487
9571 4662
3894 3528
8924 6476
7995 6443
6072 84
7628 2169
6837 5974
4271 9200
179 8068
7010 537
7072 3508
8428 2896
7158 2087
6166 4513
2368 4377
1359 4916
8337 1308
3470 288
6380 9620
7072 8323
2083 2840
4197 7666
1 9395
9375 7879
1592 1047
6013 8874
2976 8611
9275 84
9785 461
4125 3951
7742 6361
1 9774
1762 5797
8206 1542
1002 1762
6854 2544
4526 748
502 4761
1220 8440
748 7498
2487 1074
6395 9285
2487 4339
7072 5757
562 1160
5193 8068
9938 6854
7152 6351
2368 3151
3731 4500
667 7386
375 3012
9012 1
6345 7072
5240 3545
473 7879
8068 5485
502 771
8181 1762
9534 7191
739 6854
4451 8068
5831 4274
9587 868
3609 7191
461 9858
8515 4507
8074 3502
7212 2363
7191 6381
6316 4507
9571 2524
5271 1762
4197 7052
5036 7283
655 8696
669 7570
2083 5527
8068 1023
9452 4952
1160 5404
2097 4978
259 1308
9395 6226
29 5927
4507 8227
1610 3063
5831 1286
8074 4418
6628 1762
6834 4146
2083 1750
1799 5829
9571 9289
7201 3807
5417 6854
8837 5846
7266 1308
3543 9433
2083 7721
1799 9125
3749 6854
5713 1
5424 3684
5749 8068
2887 604
1333 502
4197 2285
2043 8950
1762 6893
8068 7505
8701 1
4145 9023
8611 8819
1465 3055
4197 2919
2752 2233
6121 6854
9246 859
6755 7191
4176 2425
2083 3607
995 7236
861 1773
9807 84
4208 669
8769 6854
2368 1367
7879 419
9200 5991
1227 1260
7933 8561
4093 6098
1595 5407
1465 5377
9028 3807
3100 7879
9430 4507
2487 1454
2703 8611
1773 7451
8442 9510
4847 4197
8837 3081
1359 1
6854 3339
5910 8611
1160 947
1795 1
6550 4721
8611 9464
643 2027
1308 1600
4959 1773
6365 1
5253 1359
1075 7411
9570 1610
5280 3831
5347 2366
400 3668
3228 3731
7593 1595
502 5079
3271 502
7700 4146
858 502
2767 7010
2253 8068
4824 6854
9452 6972
1773 1386
9169 1106
2851 8611
7141 3684
415 748
9012 5593
5580 5186
8611 500
1451 84
5608 4831
2487 3214
4507 8393
7455 9767
2765 5138
8954 8068
3391 1160
6727 1308
1823 1595
1301 4540
3807 2543
9907 8734
8336 3942
7072 5684
4507 2589
1 7219
1773 75
8475 1762
5365 8280
4581 7018
1 8397
4100 9764
4352 7592
5039 7879
1762 6543
2487 804
2227 995
3585 3488
7741 1799
4507 3582
4654 9510
7487 1229
6175 9571
5671 1773
2452 7389
8068 520
4197 5012
7842 1773
1559 8068
566 8652
1327 9934
6873 1465
2565 460
1301 862
7067 3517
1 3512
6571 5731
6166 103
7933 9835
9023 6677
3182 1694
565 9587
3534 2765
507 8924
1 1799
2750 2765
502 9283
5252 6484
2067 7592
4615 6854
2765 4948
8240 5240
8837 1615
7152 182
772 6166
3627 8611
7737 5240
6357 2083
5409 876
2487 8631
1637 8611
8696 1014
4109 9169
8369 9029
2760 4022
2393 7212
3921 1359
7879 9451
5395 2373
4022 9132
3902 7995
2605 7933
5089 1301
5922 1
2082 4146
1946 7879
748 6535
1260 5100
1957 9867
1762 6595
8079 5130
2765 7587
3115 1610
2487 4047
7191 6599
4433 84
4197 5662
2222 6890
3001 6854
3621 7742
9143 9467
7212 4364
6854 3573
9816 1
2881 1
4507 9755
9907 8226
854 9620
9875 1266
5803 1220
3118 9450
1762 6903
5240 8968
1665 1
3807 5134
4507 8907
4947 6854
5474 8924
7072 8746
8074 3920
1773 8585
2011 502
9243 502
1 9359
3010 1301
2765 1506
9091 4076
4338 3896
7191 7850
2368 6173
5395 4722
9692 5731
84 5729
461 3340
7191 6696
5731 6589
5310 84
7411 4574
6013 3104
1 4507
4197 480
6854 3008
3808 4831
6468 9452
7894 3118
4146 620
4649 8586
1773 4079
9023 5294
7513 3807
1560 5414
7445 3951
461 2876
8154 9029
1327 2580
1773 9216
786 5240
1327 4424
8068 105
7586 1762
4197 3374
6854 5446
5112 4146
84 7655
995 118
1595 5686
1 1766
4127 8727
7676 1017
5731 231
5414 1119
6854 4808
5626 9029
1327 188
9334 1718
6039 1762
294 7191
2742 5159
4785 3807
2600 9169
7742 7828
154 3748
8068 9009
669 8757
1365 9253
8611 389
1762 6253
930 2368
5731 2607
2933 7933
8051 1301
1160 3110
6837 8999
7010 5095
1 8074
8074 7211
9350 669
1598 1160
502 987
8924 155
1 1327
5476 6854
1660 9571
1773 8527
1301 9633
2298 84
7411 5390
84 4551
1799 3184
6166 1975
1 8924
2579 9023
4848 1301
1308 4039
6374 1301
1991 7072
1713 8068
8701 8592
4946 9395
748 4949
963 8068
1870 6416
9617 2487
7212 504
3494 7742
4100 6367
725 9129
7805 4338
8108 1308
6399 1773
345 748
1799 3466
84 4052
8074 924
8500 4507
3931 7879
1 6128
566 9982
3807 3556
1160 4293
1610 2967
7933 9306
8611 2092
1759 9571
1564 8068
281 502
7742 9881
7742 633
7933 4226
9012 1325
33 1766
8543 2716
4860 9395
4022 4254
5240 8531
1126 6854
8917 1762
1402 1762
2771 1610
900 2765
2096 1308
4146 4101
4724 3648
2765 1049
6250 8068
9979 9036
1220 3868
5913 9907
7722 1762
7533 2083
6760 1610
9907 5307
3565 3118
5126 9169
1773 7936
7471 7152
6694 9673
6854 7305
3684 3014
1308 6580
6436 3684
1595 5875
354 7283
3725 4507
1160 1315
7365 7010
703 3675
8260 3648
586 6166
669 1798
6209 8055
4770 1301
9571 6152
9169 9346
4507 8349
5414 364
6785 7879
4507 5735
3127 7879
5324 6854
5414 7928
9545 7879
5677 9510
2816 4197
390 6122
4481 1
5513 508
7742 4233
3582 6420
1773 8137
7160 6207
7879 8204
6487 9510
2608 3122
9263 1773
2487 5951
29 3665
2286 3894
5170 2565
1610 141
8611 3975
2849 4197
9336 4507
8892 578
5395 8094
1 244
6128 8538
7262 9885
4511 9169
9316 7879
6276 1718
6035 1465
2601 1762
4107 1
4472 3394
6416 3417
1799 2218
2457 1762
7709 8428
8995 84
2859 6837
5395 1104
7975 7357
2368 6150
4337 1327
9012 5277
792 1465
7010 7525
7592 9407
9516 7964
9957 669
542 2709
7879 9191
6059 6990
7037 3684
7923 1449
6554 7742
3056 7742
5481 4197
8506 9510
4507 4962
3611 3585
2569 1
2487 4447
2266 8068
2232 3585
3988 4507
9184 1301
4100 1136
8701 7719
5731 9650
7745 8924
6026 1308
4240 4831
3324 1
1555 9200
2811 8837
6274 3270
84 2028
7931 7010
9012 203
1405 5831
7072 5228
3707 1160
7933 1
502 1703
3951 7029
8523 9038
8611 1913
7742 1332
2368 8581
6651 8611
3451 8696
9200 8961
4146 7831
4907 8068
8523 5811
6517 4022
995 8061
6932 9169
3684 5355
9285 3782
2560 6854
2491 98
1718 5629
1769 84
4307 5989
2487 3613
1220 8700
6854 3002
993 1773
9587 8789
2224 9817
7965 5366
9200 3514
9741 1610
9414 476
7742 1305
7107 5513
6854 4528
5958 6854
1773 5093
602 8924
1610 1135
8837 9107
8523 1
461 8099
7374 1160
952 2487
7318 5731
9486 9537
3166 4127
7455 7170
9677 1212
3648 686
3777 4197
9572 9620
8607 3648
4197 8512
4127 2830
8403 7093
1301 2202
1220 261
1316 6854
2303 1301
2452 5706
260 1308
2752 8612
9571 6485
7685 1327
9240 8611
832 1610
3118 1071
8901 1773
1766 1551
8611 4899
1610 1217
3582 4439
6631 7549
7825 9979
1447 4146
1605 1610
4338 6471
3690 1990
2412 2565
8068 7484
3954 4197
5890 3648
748 3835
6249 84
1403 4197
4197 5462
8837 6182
6352 7487
5130 1858
4522 2709
7742 9976
6267 8935
748 3620
5714 7246
5027 1773
1553 1
1359 647
5731 8604
5250 6128
6377 5414
3894 2419
7091 1308
1 5359
2346 9395
154 9475
4168 9571
4143 128
3894 4341
4315 5395
3831 7926
8469 2378
9510 7569
7196 4146
4507 9712
2796 7010
1651 8074
9187 8611
1 5731
8068 6344
1 4155
883 3807
9228 3134
7448 1762
1610 4490
2752 6
8456 1762
6358 7621
1667 1301
669 2879
3434 1773
3510 1160
7515 7608
7628 4136
6999 3894
7105 7549
8197 1465
5366 5370
9124 2752
7010 7561
1160 4408
9200 1320
7010 2867
8068 4450
4144 4507
7592 6730
216 2368
7782 7191
6354 4197
1773 1415
1950 6854
2565 1866
3474 6607
519 6550
3915 8696
3797 2765
7494 1160
7592 3571
6166 9396
6854 6052
263 74
6854 7858
5347 119
3286 1
6314 7779
4197 4680
9202 4507
4134 7010
9200 9695
558 5831
8481 1799
8220 8068
4995 2627
7933 6134
3456 4100
7618 9200
6854 1303
425 1301
8611 262
7082 7455
3283 461
7373 4507
1595 9674
1301 6649
6841 5731
1825 1773
1465 3416
2405 2425
9433 7529
6770 2368
5986 1967
3366 1773
5773 1301
3118 8172
2042 4507
4921 4564
1766 6889
3122 1
3849 1762
2347 5395
5492 8068
8472 9023
205 1339
9782 9169
6854 9162
461 144
7599 1762
6854 7253
9587 7372
1762 4819
1359 4222
2696 7212
3905 2083
8001 2083
5673 9433
1 205
7334 9395
4307 8762
7054 4831
4507 4088
8696 8522
8928 5240
4507 2012
3912 4146
7033 1762
6837 6138
6721 1610
8068 3201
9510 1235
9494 4831
7972 390
989 1160
5504 1
1260 7467
1653 84
4832 9510
4507 1426
9600 1308
1762 2408
3974 2487
7191 3860
4476 1766
9620 6565
8611 2685
2093 4022
8397 3124
3515 6854
9412 9587
9907 2877
9010 1
5031 2368
1301 810
9433 1774
7969 1220
6227 7995
8428 2431
7994 390
781 8611
4859 8068
153 1766
2452 6854
615 6928
4160 1160
6810 3118
8068 975
8280 9086
1898 1589
9139 7072
5491 2907
502 321
4891 2627
4507 4080
6323 2083
7191 1914
461 7110
1762 445
1 2187
9584 1
5833 5395
1683 1
8981 8611
523 995
9510 9912
2368 6588
1762 7042
8112 6484
6340 2487
9516 7576
498 4197
1220 6974
1709 7742
4022 7150
995 5978
995 3631
9012 6745
7781 9395
6778 9580
3015 5178
4090 3894
6018 6854
8385 6263
84 1725
5395 2429
9467 1138
5679 4127
7117 2368
6268 2709
5456 5831
5076 4507
5158 4741
2752 1887
1301 2248
2487 4007
3828 9285
1842 6854
3590 84
4411 3807
9442 8068
6209 5645
7610 8068
5793 9516
3693 1
1081 5731
8606 7010
8808 1301
1762 4867
5366 6612
59 5395
1301 4969
1773 3882
4312 8611
2765 2545
2368 8190
390 2875
1773 2682
8696 3741
5772 6854
1488 5731
4201 5731
1465 5598
580 9023
5063 1160
4146 9612
4197 7796
2083 5094
1840 4197
4146 4306
2397 1762
2390 2368
1245 1220
9023 1889
1720 8428
2627 9903
1773 7585
4329 1799
2854 4197
8470 2765
84 4019
1237 7742
4507 4943
2512 2765
3831 4759
9200 7026
6398 9285
8361 1595
1762 4908
2977 8074
461 5819
3673 1449
502 4580
1053 2487
84 8185
8914 6854
2752 4172
2642 1718
5261 1
9510 9127
6411 1
9433 405
6166 9149
2384 4507
9433 2090
288 136
8841 9907
6948 8428
360 1301
9567 5240
1094 2487
9620 4885
1908 2765
2765 2713
9510 9365
1301 7313
7592 6854
6243 738
2154 4127
2765 1170
1773 4519
2487 2663
9251 2368
2784 5240
643 4840
1 1492
6059 1563
9200 381
9504 8084
5219 5240
1773 7568
2765 8345
4596 591
2765 7619
2404 7628
6514 1799
1799 285
1776 2727
1762 1255
3057 7933
5501 4507
2503 8068
7288 9587
2825 3517
390 9231
1 6332
217 7010
5831 9771
7441 2487
8068 1590
7010 9717
3118 1951
77 643
4071 6854
1773 6783
2487 6199
4197 9004
9587 4505
502 6441
3637 748
6662 9129
9285 9853
914 2368
1216 1773
1301 1663
9406 2975
8068 490
8068 4716
8068 2354
8696 8283
1 1990
1160 2332
3660 3807
3041 9200
1 9687
1781 1301
5731 7459
1327 9389
3 1990
3118 8627
6854 5859
4314 4507
5395 7555
6261 461
995 8575
6854 3770
5731 2176
1308 4241
3244 7152
9200 3793
8068 5465
1928 2565
5980 9012
2627 8232
4491 6854
2565 4360
2083 8529
8428 1
2016 9200
2368 1
4619 3648
9221 6837
9404 1799
5463 1465
4214 3807
6283 1301
4146 6991
4197 6756
1160 1854
2425 9204
8770 7191
9587 6922
1 7465
4507 3889
115 84
643 3710
8068 3084
6718 6854
2166 1220
2368 8128
7455 6854
1 4691
7158 7165
7062 6484
4024 9200
4718 8924
942 1301
1130 4146
8336 7024
502 6964
7010 979
1465 3641
3262 8074
891 2765
1034 2368
4197 3720
6180 390
3951 6573
9520 8428
1632 7072
7879 5191
1822 1160
5592 2765
4146 2789
4338 1818
1 2748
6484 296
6807 1762
4857 4197
9200 2117
2835 1070
4146 4191
5908 8696
9467 9660
1519 1160
4197 305
7270 6854
3061 1301
1773 8239
7933 7998
1930 1762
3992 1762
5745 6036
5731 2217
487 2368
125 7628
9435 8068
5966 98
8611 5229
408 1762
84 1290
3540 1762
84 2582
6751 643
3807 2746
4507 8027
84 4060
6697 9012
5320 8924
7933 1794
1773 6918
7515 4973
712 3894
2765 2441
502 5880
2765 702
2061 5240
3692 6500
8438 8068
9964 9587
1419 4146
2297 1220
8858 8611
1 7483
8068 3561
1799 2068
643 909
2834 84
1786 9510
2487 9488
2765 7298
7435 3585
5186 212
5119 7010
7010 6290
4523 8068
84 3484
8346 8163
1773 4068
4266 9200
9129 6364
8161 3118
2678 1410
1329 2765
615 5932
2368 3397
2063 8611
5834 1
8908 7072
8409 9395
1208 9433
9129 7519
3799 6263
1595 1445
5571 1773
743 1610
4305 8611
3951 5055
2118 7152
4127 7102
4919 2452
535 9169
9742 1465
7879 4685
6013 5241
7958 1773
4833 1766
5636 3648
9571 1910
6854 6058
1 9155
4197 5388
5186 3210
2943 8611
7072 3479
9285 722
9270 615
7191 7747
995 1261
7515 2122
1766 9374
6079 3517
9907 5434
6176 1
502 3291
8696 2320
4096 5831
3195 7018
2037 4507
2752 5296
6890 6854
6209 3926
748 4262
8398 615
8365 2752
2487 1601
6206 8892
7933 847
1762 2683
7152 1
5851 1799
4197 9372
916 1
2368 8569
8428 5223
5831 7749
2752 8669
8758 1160
5096 7592
9925 502
6291 3894
1773 8480
7072 4251
6854 1829
98 1587
9995 8883
7933 6071
2368 7173
6531 4127
9249 5130
4831 4616
1 7879
2425 8865
437 1220
9129 5457
275 9023
8523 4049
8701 7167
8280 1859
6882 5714
9571 7777
1541 9253
2765 6042
598 8068
1120 6837
9907 220
9200 2349
5669 1762
6583 1
5016 6166
7678 5347
7798 1799
2765 8501
8102 9129
61 1799
5731 2802
6004 7631
1773 2718
1160 1191
3526 1
1718 5314
269 7152
4046 9200
7727 7018
6116 1301
2143 5731
6211 3648
8380 84
3684 1
9825 5731
8696 4495
1192 1773
2060 9395
1160 6894
5395 2001
1944 3898
6837 9664
8892 730
3823 1
6854 7051
9510 7688
669 11
7010 6966
8068 1283
4625 2083
3684 1453
4297 6125
9571 5400
1465 7424
6585 9395
7548 7010
2300 4146
3569 3441
3325 9467
9790 8068
1 4660
6027 5395
9253 2365
1773 8926
2565 5929
5904 995
4197 9724
9898 8403
1762 8294
2763 1762
571 1610
7370 1773
697 2785
6541 2083
8253 5347
8611 3342
1610 8816
4507 2706
5240 9239
6837 7470
2664 8611
2913 3992
2869 1762
8377 2765
4751 2368
1610 901
4864 7152
7072 1262
5831 9544
8428 8898
502 4725
2083 7017
8600 4197
6854 8066
9262 7018
7995 1378
1160 604
2038 3602
7324 4507
6854 7181
2982 9452
5984 713
7010 9800
1076 5366
1376 9029
1149 1308
7592 9991
1610 884
1799 9363
8755 669
1301 1839
1762 5720
4197 9627
4507 2205
9050 6166
8855 4197
3546 3270
1431 4197
1308 5375
6529 9395
9620 7153
7879 6773
2368 9250
3656 5395
1036 6416
5348 1465
375 6798
8889 1610
7742 6450
3995 7018
390 1508
8068 6949
9950 5414
7147 4507
3933 8696
1301 8939
5414 1370
6166 4348
4152 2752
4022 8934
1835 7010
5621 7549
3932 8279
7879 4232
7644 6854
1160 2813
3361 1799
2487 5428
7879 741
642 1773
397 1773
7012 1160
7212 1353
3435 7010
2765 7748
4197 9099
5723 5395
6854 4194
3524 8696
9169 492
3657 1
5731 4996
1762 2547
1595 5548
1669 2452
502 4178
1465 1287
8611 2525
5123 5668
9285 464
1 9750
8611 5454
2727 6601
1610 8609
3400 66
4197 6747
1 6172
8984 4146
7276 3253
2487 4263
9620 7991
332 1301
6655 9414
5338 3517
8068 7640
375 2868
6913 9200
2488 1762
7549 7973
4297 7468
2765 6800
7152 1448
7628 683
6358 4342
9503 8950
6059 3818
911 8068
5066 4197
1517 7010
8611 2223
7455 7945
7628 2030
8775 9129
6790 1610
1301 270
2990 2487
1762 9561
1546 4146
1174 2487
7517 5731
1301 1890
5731 2705
2231 5347
8611 3706
6854 8469
199 502
9510 9269
8611 729
9044 1308
2558 1762
7369 1200
9129 1281
9851 7191
4100 2278
6837 7077
748 5603
9582 1465
9697 1308
6854 691
4887 4197
7879 9972
9575 1799
4197 6210
3118 1513
3279 312
3118 1
5731 5670
4197 164
7265 1465
4297 3372
84 5558
673 7508
2666 6901
2880 8611
2821 643
7191 3629
1220 2437
8696 7946
5513 4005
5235 4127
673 8813
502 107
8428 5033
2368 5416
9841 6854
4507 5429
2368 9465
2565 238
7913 9916
568 8837
1160 459
9395 484
2625 1301
5731 330
2922 7879
599 1773
669 9622
1686 84
6856 7879
467 2083
6604 9907
3807 3726
7219 4646
5347 6602
6817 8068
8666 6854
9387 7072
461 3734
3807 1473
5731 1487
7622 461
1773 1404
8280 4763
7351 1799
1465 9927
5710 4197
7654 4338
2804 7072
5900 8074
9659 4338
6412 5731
2213 1
4162 5731
5023 8611
6614 7152
1301 3311
751 1799
7304 8403
6544 9587
1629 5831
7376 375
662 2452
1465 343
2487 4934
9433 7057
288 6430
1762 4158
2160 9510
1581 2452
9335 6166
6124 4197
2005 1220
6493 7072
3380 1
3118 5774
2646 8074
1990 2417
8523 6940
3894 3047
3791 3684
5366 5493
6970 7742
9634 8837
8836 502
6854 1
1198 1595
8620 1610
748 3263
8696 3477
4243 4507
84 8519
9687 5562
9587 3950
2728 1308
1 9837
9965 7072
1359 8735
9012 6254
4668 5513
9420 2487
150 6854
5941 9200
9129 8274
6252 6209
1762 3802
1762 184
5414 1167
7321 8611
84 8153
1285 8611
880 3517
7072 6757
4034 4507
3458 390
7879 6668
8068 9834
4982 2660
7364 3807
7355 4146
7995 4132
4197 6277
8696 5200
8206 9497
8883 2190
522 8523
6689 9587
7840 5395
5391 4307
1156 7018
502 2302
3603 9157
4507 9400
4210 4146
8875 2565
4067 6854
2897 2425
3082 1773
9338 1465
5060 2487
669 4373
8812 84
1301 6671
6995 8068
6746 1762
9200 1247
5086 84
8650 205
3411 1
1 1662
6854 6275
8331 4507
9930 5395
6630 1773
7111 1773
9433 8989
8673 1610
1260 1
2510 5831
9041 9129
750 1773
4143 4618
4507 8462
1766 1178
1646 502
9907 7743
6837 6722
8068 4516
9169 7836
5512 1301
8435 1
461 7774
4127 8728
9128 4831
7447 3894
8696 7811
8135 1773
1072 4507
6196 1160
4022 3628
5779 6854
2368 2873
765 669
1355 6854
6209 4548
1762 7164
8859 3474
2565 9089
8428 4595
1099 7010
6151 1160
6854 5056
8404 3692
7790 2487
230 6550
1465 8958
352 1160
9620 5498
4371 7191
9200 3518
4146 1907
3215 7010
3231 4507
9200 4926
2246 669
2462 7879
5097 502
6683 5240
1762 3182
669 3525
29 3356
8389 738
7455 1381
6854 8742
6059 5572
1301 1044
7742 8089
4710 3806
6263 7767
1762 8899
4151 1465
9012 4655
5319 4146
1778 2765
6854 9646
1834 5395
2749 1359
5233 7933
9799 205
8696 1
8068 4020
10 5414
493 390
3097 6550
5960 9023
7933 1972
2256 2401
3554 2765
4197 9329
6619 9571
9200 5954
3807 8419
8170 5395
2565 2228
748 774
5395 5924
7010 6368
2368 2308
748 7015
1465 656
3648 7423
4027 66
7010 4179
6089 3118
7044 1160
5107 6854
2007 8074
6930 8696
5414 7086
4684 4197
6709 9587
84 4758
9241 1465
1345 8074
9510 2994
6854 7053
7056 1
2609 2487
5151 9253
8611 2342
1301 663
2368 4890
5115 1465
9395 5367
3118 5156
2438 8074
7157 3270
2531 6854
5591 7152
4683 6416
6809 9571
9023 1871
1 5996
6385 2487
1 9472
3290 8837
4572 7592
6313 1017
5952 4507
7072 2406
5326 9395
8255 6166
3697 7152
8103 2368
2083 6215
9200 8649
1773 1107
9485 4507
3498 1610
7032 84
7431 9200
9651 4197
207 1620
9821 6550
7010 9749
5995 2256
4837 7549
1773 8417
6166 1588
6166 2610
2192 2765
3449 9571
398 4197
2038 4117
1610 8434
8611 7560
8353 6209
7022 6854
5029 8617
4197 1172
9687 5687
1622 8685
5395 4036
4146 6066
9987 7010
2765 8045
7769 1773
4022 7634
8346 2799
8611 7896
8068 5529
9467 4412
2765 5374
7010 2730
390 2094
9200 7204
8611 6295
1301 8778
9571 585
2566 3684
2765 8822
4923 4146
5731 2056
6347 1301
3327 1762
8184 2487
4882 3894
1 9732
9661 7018
8924 6281
5731 4124
4022 5928
1409 4507
6059 6391
604 7395
3757 7646
5414 3079
2256 4062
6854 7185
2660 3412
9452 9328
6477 6854
9981 8238
607 8611
5103 1762
5589 5347
8701 166
9678 5831
7152 1569
9422 2487
7488 8611
6208 9907
913 8068
2083 2380
9996 5731
2487 1063
1610 83
2454 5123
8866 9467
6220 3118
4143 7861
4332 7010
8503 8701
2591 2727
1 4931
9907 6302
3692 7911
2102 9200
2565 2481
3740 9012
678 8068
5780 1718
4338 811
7158 3733
6550 3834
2033 8924
7072 6945
1 8892
5366 1
9253 8843
339 9507
3009 1160
4127 3367
6837 1527
7116 5731
6877 1449
7714 7010
8837 762
6414 669
4728 9200
7879 1999
3951 8047
1465 3393
3894 3405
7592 7970
625 2368
6223 643
5666 74
9285 3605
5315 1308
673 4623
8030 4143
9480 2565
7933 5117
8391 4146
1127 502
5395 4810
6854 7575
4297 4855
6096 1301
2368 9840
3935 6854
9510 1847
8068 1783
1762 94
859 8068
1308 9890
3441 431
7879 8598
8611 9106
2471 1
5959 84
7879 237
643 6113
1475 1773
4740 2487
9012 9754
7877 643
8892 8559
8068 6759
8597 6854
5405 738
1610 659
4143 4688
8250 7010
6854 5062
1 7064
3684 5251
1160 7136
502 2572
4010 2766
7018 8299
84 6643
1 7995
1799 1964
8540 1762
8659 7010
4197 8948
669 5531
5347 3856
8193 9200
9395 7660
995 7963
9528 1762
7918 6854
5616 2368
8280 9560
8206 8614
8068 4363
689 8924
4874 2368
1160 349
8853 1810
205 2720
1 7742
4197 1374
7152 3597
4122 9129
4507 893
624 9169
9670 1766
9907 2209
1051 669
8336 9736
8068 41
1965 282
9862 2565
6734 1160
4524 4197
8611 9602
6854 7763
8074 1164
1 84
1220 9641
8912 5123
9892 1160
1718 5519
3286 4804
8773 643
2368 4321
2960 9200
6622 9571
3648 7220
5120 1773
693 6854
8162 1
8925 1220
748 9772
2083 3949
1746 8892
7639 84
7072 5516
8070 1
9094 1
4507 3476
795 5395
6005 1990
6778 1762
5488 7933
4197 9954
4507 4941
3315 461
3684 5448
9620 9655
1762 1202
5899 1465
9552 1666
2905 6933
1465 9983
9510 8308
4297 4417
8696 8038
2487 8177
6692 4197
9571 4106
643 1697
2534 9029
200 9010
2992 7018
4794 5731
5347 4936
4831 6047
9291 6854
6854 9960
6373 7010
5395 1318
1100 1610
2479 9473
1804 9571
1762 996
1160 3365
9113 7631
6209 8034
7742 5967
3894 7607
8611 5801
5828 1610
4964 8074
84 3636
7933 3174
9285 7084
8257 4831
8837 6642
8428 2644
4126 5859
3939 1762
2487 4157
4297 5838
84 5826
7065 2038
104 3831
6166 8772
1773 4957
8280 72
896 9571
1 4250
7283 8487
1465 2473
4197 5330
5204 8611
5395 3615
9587 6993
1220 1153
4507 2619
4229 5395
5741 9620
5698 2038
7879 5106
1762 3077
6854 5059
2038 7401
5240 2622
6854 442
100 4010
2256 9235
5524 7879
1762 2615
6328 1795
4988 3648
6653 9904
2765 6065
9071 502
218 1762
1799 3976
1160 3158
8824 9200
3165 1595
8068 9341
1160 8550
6579 1
4876 7879
5452 5240
4197 5274
7937 7191
5403 1610
2083 1399
7933 2269
5189 1762
6166 6100
9855 7158
1026 4472
787 6854
9571 1436
1592 1348
1594 1762
6013 6854
8074 4239
7010 5297
1 1967
7262 7698
3859 6209
5764 8403
8307 1301
8105 1465
1773 1814
251 7411
1949 7879
3648 9530
4768 9129
1762 5230
2660 9613
7879 129
2382 7549
8334 6854
5276 1762
1 6924
9687 7343
7641 9200
8646 995
9747 7010
3407 7010
9200 5544
4275 9200
1160 3990
7647 9433
8068 2848
8459 9018
4146 9649
1301 6202
7696 9467
5775 1301
1308 88
1465 7699
6854 3250
7481 5366
3516 8701
4507 306
1986 9687
4479 2083
7742 9234
1595 1
