30 1000000000
13284 132721
138021 1272853
1073719 10610139
358263 3551374
383038 3828810
267351 2330241
293414 2930698
56536066 26147875
8874958 4757062
1029999 10299771
4634314 40038270
15945139 24624784
34981 345782
14745392 142680038
6168035 54904491
208921 2089197
422834 4151155
64200112 34135784
249135 218855
18065540 18186702
83615045 16835442
10854536 108544254
330124 3301238
215602565 23112492
223723 2236799
1064783 10562184
924660 9246609
43856578 6371304
42808329 428040114
4800604 3273227
