100 1000000000
814496 8141628
775670 7755694
18820829 4967520
62823 606298
7866968 78523374
43298535 5994793
52396 523870
482521 4825177
275234 2750738
17965219 19521620
48944 455077
30560571 14181465
504360 5042855
448895 4241806
935165 9288359
1043438 370083
910761 9107524
259580 2490837
390156 277159
156248 1562386
3579543 35644678
821642 3599293
81989 815992
917290 9121396
2706285 9686516
360817 3608137
9521478 12085380
25909037 64296877
912529 9121396
8798756 4920719
30648 215927
287421 2594876
27834372 3671972
2746507 4709806
35711 356970
296433 2964138
161977 1619735
446836 4466003
1158865 3775451
176796 1767855
335886 3358807
4948637 4231436
318744 3186453
4200835 42008321
5041439 50414326
1027937 10264541
2478400 8291451
239296 2355214
186405 1863969
283222 2471228
144261 1441444
17944839 2085852
419879 2135261
1769779 1366415
164736 1647347
906887 9068856
514712 5145853
9224 92163
7240 36959
247130 2471228
437394 4373596
452033 4478121
915098 9000130
4183079 21124183
312903 3127913
42334364 5326731
1074492 10744691
13438542 2796258
9983 99375
2836869 28344120
29848868 50303081
2421791 23810525
428936 4277763
1429755 11992380
67968150 18740587
770684 2164016
673174 6728144
328161 3281516
157277 1572428
2044539 20244111
235977 2358735
1388224 13882238
2733577 27217203
421330 4209123
107668 89593
832610 8326026
2088412 20883577
5030023 12336013
57691 572977
4456729 40466397
369309 3691900
3519762 35071382
642798 4430709
25180 243802
680760 6694539
1473259 14713385
2486423 24760526
49259 492215
768612 7636271
3816605 25785215
