300 1000000000
162287 1621944
9042 90348
4494725 515038
857082 980386
26595 265950
19001 77878
85699 856990
248585 2394850
34651175 5190473
13074346 34058332
1012731 10127306
1659564 889786
397056 3970485
8149461 2255485
848429 8445353
4561125 45611258
562436 5613262
49483 465368
1206079 12060792
2220240 21875388
23149 229777
721246 7212447
160222 1577600
167364 1673641
303274 2677411
1000401 463611
23304 232350
1196208 11959908
538459 5384497
1840144 4399827
103376 1033679
685824 6855102
439653 4396533
1331035 434072
21807 217894
678744 6787423
1168338 8597898
3208161 898280
778070 3326819
113606 950484
85819 115890
167335 1673358
111541 1114148
102497 985091
43383 390926
227465 2274651
92820 928101
78935 788977
176739 1767173
249646 2496082
1368702 12721861
6288060 1552809
3307060 33033040
69976 683228
2544824 3656034
155294 1483928
251970 2289422
261960 1100401
208936 90014
380532 3802156
15010 120485
204039 2040304
591964 3663454
12842975 7471423
1686617 16673314
29476 294064
521353 5202184
23521 228557
86037 860335
11678143 1436268
52062082 5290701
67656 578099
77025 770229
525834 5203661
294032 2739685
195759 1945246
65060 650467
627556 403530
4136056 1260454
201282 462275
4727869 2977806
536186 5021480
191133 1909908
1028957 10289523
1834522 393308
148537 1481849
365062 3255008
188047 1797911
38668 386060
575321 4104276
608275 675573
155633 1556331
165335 1114044
2096137 1051255
44113 284087
24682 246811
598472 2697265
1017126 1538372
715820 5455248
13265 127337
149446 1494467
351920 3314594
416301 1636657
175386 1751275
117143 1171355
441000 261522
123260 1232534
851305 93136
252065 835231
152971 1521801
79117 713561
4761953 1115306
26637 266345
410782 4103187
436059 2724487
110127 1094380
185776 1644216
136218 1359096
33281 332798
324785 3241568
70216 326747
113392 1133649
175303 1752968
258947 2149321
3465 34631
135425 1353115
193297 1892631
3699640 573146
64083 640834
672975 6721122
255577 2555719
74559 736594
506083 1899346
606434 6064327
277612 2748178
214755 2147536
158393 927189
1662887 169751
215357 2117079
761652 5032512
127813 845084
149272 1492219
308385 3083353
1474460 6103811
89453 845084
10909351 2537367
13319667 5634656
94660 942594
308440 3084269
13896 124224
2016095 1216173
226182 452919
328510 171187
31108 307285
41561 409561
17767768 4386520
52852 528494
1048488 10483760
24960 246071
275794 2612057
2963 29575
199350 1814145
3181743 1852185
476735 1940492
660358 6589291
706574 5384787
3104090 2848412
3006697 2602484
42511 424631
439659 4396533
68284 679591
465522 1480479
240615 2405454
321468 741574
678743 6787424
425974 3988297
4610677 5076969
93000 929175
28689 286841
1161012 2638896
225355 2252128
1988860 3496279
91690351 25820929
1572982 651795
16786565 3316263
117114 56608
1145774 11457705
1156675 3148293
975569 7824413
78923625 9523833
2727989 906670
4461762 1776547
871295 4147812
66157 620341
510332 5102860
19940 195776
199405 272920
685474 5343676
6038677 2087316
19916040 3910914
487224 4476400
334234 3341954
623390 6174673
204737 2047372
139489 1263672
686816 489008
16521 125616
136309 1362012
41905047 6454162
558758 5587196
32138 321304
2296350 16854581
1314812 1486489
635267 3378567
5274792 1133698
4863 19366
262543 2545860
85895 858491
281255 163116
177999 1779858
369083 3689388
1973047 371700
421355 622983
52873 528494
47098 470975
5613330 692300
92474 924740
55347 553319
85486 854857
774891 6557525
111011 958642
109907 1001755
875603 8755802
545406 5453963
1395923 13959200
268040 2626860
737942 7374865
730080 7299996
1566356 11098917
3799902 829422
525549 340813
23558129 3230884
82147 638008
59655 101161
15391 153902
167030 861667
431427 1938326
229794 392945
36485 364839
9199198 1695629
407769 4077003
1081223 10602449
10371140 3666212
844297 4248190
429999 4299362
113312 1127009
8807 51453
53947 539479
431907 4184417
3452425 845474
104481 1044431
1536548 15363003
2893661 879757
1835094 1237358
124299 1242993
144646 1446242
888386 8881095
2050387 2066384
22258 205569
2275102 2080284
88681 885914
480549 379889
1320447 11844390
62342 623328
454163 3474172
676425 1534202
279596 987866
5016919 5404555
1715354 17153238
1773883 12963936
23275 188106
53137 511306
135363 1119668
44934 449298
1900374 439783
161153 76645
238094 2380300
6732 67280
298584 2637675
218521 2185206
124837 1242311
1473334 14733093
5521885 1314602
13132268 30523818
367375 1011531
34205 340247
24774 243164
123980 1239252
49306 492895
675778 6757589
