100
457 804
781 619
1408 839
882 1530
262 385
72 377
1376 821
971 718
47 89
853 1472
1175 610
806 356
979 1361
510 744
727 936
898 1374
122 232
1286 981
523 772
50 72
224 141
976 1550
734 1004
225 156
659 553
311 697
167 120
247 206
244 792
1407 880
1082 546
261 154
104 89
1180 819
212 172
679 1299
376 688
452 496
844 862
1074 710
446 380
1673 978
372 592
766 1486
811 802
1073 894
552 395
215 391
709 828
704 495
505 833
49 34
194 169
145 93
559 655
151 85
425 682
664 1247
492 772
258 171
45 54
405 345
434 393
505 573
845 700
808 471
92 127
1042 537
1613 814
222 115
7 8
482 754
268 456
603 1067
650 1075
677 420
997 1963
123 65
475 476
726 344
809 1346
327 253
260 316
733 813
728 649
849 701
32 28
1074 555
260 311
243 378
372 442
256 171
560 506
575 1008
467 595
809 548
85 51
391 639
417 475
788 766
