1000
2535 4768
2280 4557
7288 9631
9639 12865
7466 10400
6562 2697
12650 6465
6014 5106
11653 7921
6312 8335
8578 15174
4639 1776
17595 9398
8862 11781
4221 2931
5912 6486
3407 5464
8459 4818
10908 8526
9571 16446
117 145
12269 6910
7132 5002
7609 11734
11379 9008
9880 2247
7450 7246
6899 3537
6161 4104
6313 11483
10339 6419
11422 7685
13954 9508
3769 5678
11167 6273
2299 8576
10160 9502
4640 5373
2354 1280
5210 3789
15311 8812
3620 1366
10958 8007
11057 6353
7607 9777
8392 7474
15889 9039
3209 3071
7046 8702
5901 6868
6073 4817
4049 6735
8051 13242
1104 959
51 58
3945 8477
14177 9444
928 1926
17635 8925
1606 1485
2275 2482
8136 14832
699 617
23 27
4054 5623
8391 4766
3229 4252
3683 3161
117 206
747 1386
7780 4947
6652 4411
9610 11524
8872 14913
6736 4369
5478 6624
10807 8779
7658 10468
10101 5423
13294 7051
6018 9377
1180 2524
6344 4119
9395 16048
3797 9167
6754 6197
7210 4480
8591 6742
11598 5917
1100 1845
8225 12806
2284 3546
3073 1203
11511 8490
9955 17767
6684 6877
7835 9327
4759 4826
4495 8814
611 416
4945 9194
349 5691
5908 4714
7202 4894
1852 2949
2861 2893
8286 11870
7951 9097
4906 4036
10122 7351
73 51
7024 2043
6991 6609
5967 8669
3826 4868
10791 7497
3050 5933
7733 4398
9101 6753
855 467
5993 7148
7136 5452
2968 5058
12746 9199
3960 3684
8263 6785
3189 3137
9622 12598
2004 3690
2740 4127
829 498
960 7559
3217 6134
2350 4120
3070 1717
9220 9610
6530 11940
354 343
4208 2984
14034 7308
7393 14223
3479 4165
8555 7498
1640 1118
5436 3604
8582 16444
7674 7808
8006 4435
8548 14830
7201 3707
14403 9846
509 339
18336 9337
9339 8864
8916 11191
3718 7210
13688 8299
2586 1611
8483 15739
4468 4649
5474 7089
8437 16140
7491 7435
7092 7388
1012 1557
6344 5878
3972 6659
3119 2047
9897 8973
8213 10415
4703 3093
10860 5789
7922 10625
6412 2685
2311 2617
3937 2438
4315 5018
9729 16487
11163 5747
6401 4273
6706 7019
9367 5693
3391 4642
9941 5352
8925 16350
1560 2660
6919 5299
13368 8785
375 294
14784 8729
5874 6617
11078 7829
6355 7872
2026 2285
8583 9553
10068 8236
1132 2053
1649 2921
10468 7575
3907 2078
1119 859
4727 7928
6735 10358
14932 9314
12973 6502
1562 1316
3864 5609
8260 5874
3191 4003
912 1361
2985 4450
948 1207
2596 3670
520 466
3157 2620
8609 12510
7788 6326
7908 8063
7154 4423
6830 5424
2612 4351
10479 8764
11115 6963
4843 9540
4584 4786
1571 6379
3080 4156
2808 3504
13424 8600
3215 1904
881 494
4208 6420
4413 6541
1677 1677
101 3724
8843 5451
1517 1503
8416 13594
5692 6397
4641 9274
5099 2886
129 99
7172 12100
16273 9482
6971 4842
604 1145
6372 5229
8558 4349
14088 7090
867 1119
10350 7470
8563 14919
9234 6311
6114 10719
7683 7057
9188 9682
1601 2709
3568 3842
5755 4060
13277 8888
7736 12876
1191 1012
9593 13953
11510 7671
6724 11371
3975 5926
2022 8078
5808 4713
3372 3615
7617 13587
7106 5364
5285 8216
4660 3193
1194 2041
14226 9858
5044 5123
2339 4489
128 4521
3239 1810
3502 4916
4138 4002
9534 8087
7053 3562
231 123
9400 5118
882 461
4219 2435
9389 8354
1726 2050
4160 3072
2549 2855
3965 4313
5911 5516
3707 7142
904 1057
11237 6674
3406 5833
16927 8853
19239 9651
7562 13944
4637 5671
3877 6632
6064 11269
11302 7820
14179 9825
5108 9450
5899 4085
914 1332
1041 1541
9866 14421
16579 9211
18 18
8640 4918
2621 1887
6761 5417
2262 2776
4841 8841
933 523
1954 6329
532 832
8784 7152
8621 7621
9377 17734
3845 210
1332 1155
4861 2535
13769 8139
2771 1904
11934 8444
311 404
446 365
3343 3385
1938 3385
941 734
6997 3760
2088 4144
9804 17351
6243 6651
2475 3996
2067 1332
1102 5571
4448 5207
16574 9192
1563 2235
8991 13314
1903 1291
13849 8301
4385 3077
3079 5473
5723 5037
2403 4103
7577 15139
135 117
2382 4683
7042 10688
5489 6410
6651 9647
7430 12909
802 843
14149 9587
158 3238
4337 9661
7027 1210
6825 6296
5754 9848
9348 7610
2263 1252
16480 9640
6314 5403
3318 3364
4950 5374
521 410
3001 3632
8409 14600
1257 2473
40 1877
3709 699
3787 5098
8373 13324
9944 11332
5245 2746
4745 3668
9905 7297
11178 7459
9374 10341
7691 13121
2167 3631
7953 15846
5519 8100
2038 1945
2157 3301
4698 2826
10879 8229
12401 7559
2437 380
4485 6297
10655 8503
7734 4666
1472 1020
6715 12361
9911 8990
973 1613
3035 1828
9560 7669
1219 962
16704 8951
6114 4830
12196 7016
9219 9195
9745 7759
967 816
1167 2188
577 1016
686 933
5779 7799
1009 1160
8988 2907
7452 9103
9823 16080
8739 4437
1907 2418
2076 1089
242 172
4580 6722
2463 3378
2342 1572
4465 5085
11916 6150
6856 7128
5375 8024
2376 3858
51 97
1568 886
6936 8916
16496 9911
2975 1555
4144 6453
11542 8712
2427 1671
3210 2221
5328 8196
7792 7751
2928 4769
1114 1202
9902 7676
7788 11794
14159 8297
12333 7186
2925 3252
578 2113
5132 949
5773 8438
7259 4331
7804 15089
5775 9885
99 6065
5284 5245
8326 15816
9607 6987
11301 9035
1581 2627
439 723
4712 8420
10866 6751
3807 9617
13051 6759
4846 3293
933 1170
3730 3899
8877 15403
9668 18859
3893 2870
6371 5960
6335 5427
9139 17111
9978 7897
15376 9051
9996 5999
1003 723
8088 9947
1449 866
5937 3786
3765 3148
10023 5305
9846 5158
6892 7030
7974 15495
2054 2402
991 1886
5739 3260
2053 1896
7813 15114
5888 4325
410 356
2843 2236
3937 3326
4224 3844
8282 14572
6472 9184
9131 10745
3157 8632
8483 4183
2837 4985
6514 9622
16757 8964
690 499
7755 8954
6093 2757
679 365
7391 7957
4337 4427
6281 4754
17981 9147
39 77
8799 5473
7530 13195
9023 8054
5279 10311
7377 8
6516 9724
7766 10169
8854 11581
13802 8442
5442 5566
3938 9988
9295 3796
12619 9764
6386 9889
2861 2499
11604 9985
10359 8934
7392 5845
6827 3729
9396 12131
7499 4426
14529 8195
7972 15633
8983 822
9878 11662
2820 3191
7008 3908
1712 2964
12687 9907
271 5072
11021 9689
2136 2008
6345 9992
4976 3918
5290 7510
9590 18612
1207 656
8371 4823
2288 2832
836 3971
3199 5799
467 916
5139 10253
13704 8280
3357 2608
350 202
2002 1531
6359 5212
6649 7564
8467 1813
4463 6031
4854 6734
3411 5383
12784 6792
72 57
9678 453
2934 3196
7743 7864
8015 10174
1662 3250
2921 3421
2353 1519
9850 19686
2365 2421
18072 9654
5734 8571
6658 13079
3714 2145
7570 9859
9045 14061
1822 2859
5638 8271
4665 7283
4313 2552
18777 9736
9921 9927
8992 13189
1769 1157
5942 7616
8362 16551
8287 8360
3017 2245
2783 2241
6203 7791
8903 5296
976 1876
5745 7308
4404 4042
726 3753
494 876
13340 8862
12035 8688
7295 3763
5305 3863
7695 12323
5873 3957
16028 9622
4032 3522
10298 5549
1733 961
4073 2426
2328 2424
1473 2733
7948 8140
150 236
865 934
1012 528
7181 10264
3844 6431
9925 13167
5394 3301
6504 4221
7514 11678
11373 6620
11795 9431
8980 13125
11685 6033
9924 7853
4413 9312
9523 7258
3601 6737
2033 1326
6386 5440
7735 8092
8225 13263
487 272
1046 936
11617 6994
2427 3700
11561 8162
13662 9773
3125 8986
1461 1173
3503 5946
12819 6615
11502 8278
17982 9288
6366 6756
8503 909
3326 6178
4475 3788
8724 5641
4604 2361
8384 6756
9880 14260
12703 7398
2753 2911
8226 12635
6303 7574
16539 9726
6499 4701
9054 11800
8428 10368
2216 2357
14061 8087
3729 4399
5369 899
9828 5166
9319 4070
5793 4835
13944 8771
1377 1286
5457 10858
5570 2908
6075 3092
13682 8441
90 65
4866 3380
397 4918
9119 5854
1895 1230
6146 6939
1829 1480
9568 14749
3328 4657
2607 4284
3227 5976
2694 2276
1102 2191
3459 5084
13139 8527
434 851
10216 5458
6950 12057
7660 15266
9107 9365
5090 5707
1344 1677
5556 4489
4064 4833
7575 8085
982 888
4016 7033
10433 6222
1129 1216
7703 12602
3893 2167
4164 3800
10848 6671
7717 12395
1103 871
15013 8005
9187 5667
11020 9850
8840 15918
774 620
8904 5307
4350 6496
8097 14959
5718 3580
432 437
9113 10537
5885 4316
14175 7403
1818 3013
8674 15268
3115 2575
6435 8185
3691 6353
5650 8525
1315 2180
5333 9364
12935 8188
7369 641
4656 6656
2948 2731
2020 3845
8391 11420
3312 1838
7179 13189
10724 6546
17936 9419
17860 9076
7086 12775
748 1150
6783 8583
6641 5436
4188 2139
11421 6954
1025 1070
28 44
1933 1660
2246 2956
2610 3967
4589 6917
2696 3132
9168 6550
5698 6992
9415 9579
4338 2886
10687 8115
4198 3064
3569 6340
8591 9130
117 234
6526 10266
5637 8063
10886 6315
9042 2500
6591 5546
5967 4153
389 353
3781 2248
3525 4854
7206 2639
4523 6075
1706 6312
871 8523
9687 6596
5519 6949
11694 9742
5448 8012
15532 7931
13273 9718
6320 8157
5782 9663
6220 4450
3176 4934
5774 4391
5510 10200
4514 6897
4701 5316
2682 4674
5011 6571
5004 3187
7260 7505
979 1163
6580 4127
2237 3610
2475 1887
7032 8986
7669 4162
3720 7391
3068 3651
386 694
1715 3325
5980 10722
1212 1991
5962 5753
9916 7258
9202 8800
12897 6583
478 245
5676 4051
3426 2733
12337 6404
3502 3389
1281 1540
8143 5403
3325 5894
5441 4475
3899 2862
7554 8321
5656 1755
11227 5861
3128 1825
1977 3066
3438 6052
4916 5764
6212 5300
874 1120
5911 6300
2294 2192
8797 12918
1893 1739
6411 9084
394 7712
10446 8789
2673 1429
3105 4705
10892 5902
6676 9937
3888 5722
435 290
5280 8212
9074 11347
2932 5030
279 488
12473 6239
9990 13073
9015 8312
9445 18695
2755 4979
8793 11398
2521 2085
6391 8818
7527 5604
6400 4388
6771 9412
1540 2141
169 316
4653 6690
2735 2218
11909 7235
3564 3777
8028 10368
9149 5474
3640 2669
8986 2739
3211 4635
13043 6899
2394 8479
535 813
4208 5900
2846 2148
6562 11936
11099 6495
2829 7189
16678 8638
14573 7997
9327 7541
3360 4644
6937 11864
3842 6292
16017 9455
9833 13263
1629 2314
10888 6714
9319 15106
1435 874
2097 3626
5741 6965
2489 1363
1704 1161
12616 8895
579 854
1547 6082
8512 16722
13364 6893
1156 9784
1048 601
7653 13534
8068 12840
9764 8759
6228 4019
14147 8209
2332 2758
1222 1569
308 243
5323 7474
11330 9149
8930 6375
1326 4991
6915 4525
10624 5886
7251 14093
8240 14298
5981 11322
5880 10974
3122 2353
11803 6013
3060 1892
1808 1299
1723 3083
7072 10918
18103 9130
6839 9761
1159 1592
9678 5551
1719 2967
4428 4879
11543 6575
3603 3942
5014 8723
10492 5514
15962 9481
7894 7412
4565 6639
4177 3944
9373 9530
1279 810
10038 6470
368 239
9562 5333
5484 8756
2462 4705
6711 13036
11702 8311
8932 13529
3776 2037
5176 6989
8020 3197
4680 5317
7779 9278
9609 13346
1549 2050
11867 9569
5071 7760
11748 7044
3761 3040
6440 3991
8291 14309
15438 7983
6189 12225
8914 16330
9014 6965
803 643
3861 2430
2978 1673
5325 7366
7928 2384
1625 1518
1939 1109
2389 4329
8916 7686
7229 4135
7151 6350
9572 10477
8164 12401
12524 7072
4668 7383
3569 7315
4667 8960
1883 1404
6199 8353
6579 6165
4579 8324
3514 274
7253 6966
1715 1496
564 757
2796 4541
6998 4419
2882 4812
5577 5270
4016 8179
