100
348 675
425 90
6 49
289 371
553 547
735 673
910 490
283 761
751 50
981 404
421 203
839 39
617 762
426 213
311 620
924 235
727 119
86 7
950 132
340 630
321 788
174 233
977 598
298 35
173 111
385 759
269 691
359 323
595 792
803 585
136 997
725 984
75 314
367 411
655 917
242 98
744 692
618 486
322 969
393 929
271 386
988 590
946 789
317 511
567 518
152 374
847 839
980 567
853 267
212 938
243 897
566 843
388 710
270 887
661 400
624 763
643 537
699 803
518 652
360 51
482 231
178 318
550 596
407 992
645 22
428 226
274 381
8 370
785 934
303 388
217 273
606 18
629 56
262 891
233 970
825 506
738 353
74 46
998 14
505 250
523 134
36 464
524 505
777 830
223 144
81 2
268 169
51 528
276 852
172 919
286 359
54 64
875 130
662 100
404 113
20 421
877 209
816 33
37 651
105 65
