100
448610 704643
537275 999902
734824 231392
504996 635604
196159 880705
809881 912589
115604 872875
812875 227109
948073 542588
334779 76151
390008 572229
832183 781460
70401 191631
395508 279760
142130 450815
776325 186230
621747 846484
677942 320667
576907 719180
729415 270224
253042 794791
111880 984625
487859 166339
835598 56282
414333 106470
503823 267450
40904 368346
732191 405695
135007 138995
804168 236529
643149 415980
775615 454299
305192 9840
316425 39523
996725 346548
279210 741371
891254 365697
113093 967280
859479 614735
730261 43296
806897 482381
515398 535625
983416 857022
457649 642748
954888 279165
180083 527919
255239 222433
509289 510962
622582 899579
148425 542714
861722 519676
836576 46105
998721 706868
503652 295183
504243 401589
638069 648250
411575 864470
52725 192168
988542 202515
311744 958157
67440 460946
507978 244112
933394 327488
596244 573120
189393 460122
502539 310052
252078 544456
454717 137647
981957 283811
823480 916690
243195 577368
736193 910572
857219 526692
161070 115485
384397 522431
162209 826872
400909 50709
392865 486678
223139 99631
141910 395911
874028 103409
588001 42980
336613 221180
651094 977664
82615 321395
46167 903037
809955 873307
36558 486906
824650 392668
163014 688362
973338 933156
682726 91072
212625 419115
367372 390406
661039 140753
806530 899277
926204 605155
320160 43135
155571 423356
974270 249552
