56
124 610 238 965
563 542 962 884 691 534 949
535 197 647 258 496 749 936 932 368 848
471 150 337 214 56 83 107 282 609 692 922 112 185 725 823 670 994
540 265 403 320 278 137 550 363 40 448 528 536 589 361 79 508 827
555 312 417 289 756 786 945 558 640 547 390 796 13
291 979 227 94 679 775 752 219 507 155 596 315 478 114 341 854 344 319 957
416 529 703 267 430 247 358 880 733 581 658 489 937 431 608 583 203 995 88 31 204 215 60 336 102 493 275 920 216 650
474 748 15 76 628 316 167 411 249 104 26 896 362 667 230 893 829 228 1 388 414
115 706 464 968 521 359 51 913 898 759 270 395 426 883 484 777
781 944 716 59 787 726 248 52 221 327 651 192 520 53 443 832 929 165 300 850 286 642
376 649 704 25 372 146 178 449 290 852 469 877 6 708 633 820 801 405
98 605 157 445 677 412 634 421 757 648 825 629 180 210 862 698 106 890 621 755 623 927 746 881 553 740 855 525
234 492 792 603 844 840 184 233 205 453 960 139 491 69 991 682 631 902 415 225 389 849 614 399 618 794
276 674 934 992 331 737 828 133 538 834 514 246 686 198 50 244 409 984 570 272
122 919 161 82 348 169 500 779 819 208 329 168 413 942 586 938 869 118 800 100 152 326
900 296 768 626 641 19 513 625 741 784 700 257 856 63 611 549 14 809 971 530 306 287 222 567 923 669 714 511 12 220
906 499 120 680 371 153 717 646 462 158 174 946 407 149 308 707 595 365 504 463 613 718 556
170 894 292 397 57 349 905 305 872 873 824 657 711 830 842 524 309 154
212 70 732 17 857 619 144 254 939 110 357 364 624 870 837 617 260 760 490 217 485 702 515
661 64 551 339 953 274 888 132 510 835 767 177 666 719 35 495 259 930 21 544 207 360 393 815 921 422 569 487 998 604
446 713 974 655 505 684 475 472 332 697 548 853 847 843 142 986 18 770 742 696 948 251 284
250 196 103 173 406 771 335 373 307 967 652 817 594 479 436 49 889 223 907 20 46 539 44 632 156 473 874 202 494 418 607
886 366 590 969 790 822 687 865 438 593 41 587 675 127 931 369 470 951 377 627 141 172 391 622
597 993 926 863 129 699 72 459 419 826 964 695 668 16 935 653 182 966 175 909 620 592 915 996 598 432 136 601 410 39 533
356 765 381 285 232 338 729 8 791 323 997 255 97 85 189 720 723 761 743 55 394 831 288 99 476 783 571 645 322
297 663 34 128 803 689 816 325 311 398 750 580 780 121 304 199 428 552 804 61 811 392 186 600 374 160 885 10 579
334 266 193 987 639 897 302 135 404 573 766 983 58 807 778 241 977 543 206 458 982 774 724 502
709 851 347 235 90 342 734 895 317 439 736 148 914 456 911 477 466 425 343 264 117 678 973 187 108 36 798
96 516 242 126 901 54 526 84 467 672 440 211 947 37 836 383 400 772 11 858 340 5 683
721 722 77 681 841 131 562 531 488 370 545 924 95 444 375 751 806 379 271 237 387 731 75 91 788 468
903 989 401 838 576 140 728 279 705 295 384 78 776 460 564 878 518 497 163 861 33 151 512
176 839 263 226 715 71 904 321 959 190 24 802 252 402 793 656 754 956 561
537 66 739 42 123 354 273 891 213 928 585 763 810 7 119 599 981 818
482 145 125 584 116 27 457 975 578 887 454 481 67 299 65 450 346 690 664 866 845 637
92 130 745 918 480 245 147 105 87 48 159 181 693 236 821 654 519 912 89 591
433 134 171 659 166 635 738 554 588 532 980 735 303 868 164 694
9 396 80 280 565 574 367 950 503 785 447 423 630 546 382 501 509 753
606 111 269 846 162 643 710 352 925 701 527 972 47 773 452 23 517 281
200 62 314 101 68 195 328 330 572 261 351 955 575 612 218 860
385 486 523 434 28 875 427 615 814 179 73 990 976 451 688 908 313 560
109 301 81 3 424 602 782 685 882 952 541 665 256 727
799 294 795 483 712 22 730 616 243 859
229 871 985 940 559 86 963 762 435 93 758
522 808 113 879 283 999 673 941 676
2 441 345 29 662 429 378
194 1000 636 224 324 32 917 498
461 577 355 978 188 566 744 970 442 958 293 420 638
333 813 143 310 262 954 892 268 812 910 240 899 582
43 191 138 506 867 769 797 4 805 988
350 30 201 660 253 183 644 568
833 45 789 386 961 74 747
380 408 318 764 876 864
933 38 465 298 239 916
943 437 455 277 209
353 231 671 557
