1000
151045683 965519810
313161435 72984010
376628483 60601659
59175429 217385609
105081064 675184034
770783808 748060481
318571335 495392510
652406470 322420271
502774662 48886054
48982298 734348585
248442862 637112566
236630721 907069027
53792171 991655216
650291728 769915120
954540268 396153889
626488175 447307575
837554109 311472607
377805672 735818662
854477377 443791333
558116749 682474278
594887060 701687476
208457996 296132821
90477026 460079570
440664411 390244556
928719070 349974528
794438906 875905454
504340557 243218727
383482875 98450537
273755520 163445250
165834732 81903638
699095299 912981361
103337633 238869123
71022832 620478936
813788496 85659001
658319170 622879862
36134806 694785604
456301137 535392607
98052846 60619066
27549334 797442834
954960703 831256556
621919883 484907958
565299855 197326825
234441901 15608310
360980950 696845865
163803555 75694965
514720493 690025757
260460153 411858160
411608997 339180369
590186245 638938095
454403060 869028538
839199850 769506856
926909771 664571042
768182202 826120816
653018883 249915437
319987895 665349982
986182133 866476423
779569330 450587006
554197800 412333996
935445397 374818095
599886757 931339475
431372028 642030439
452567416 42904957
691123279 687450479
870746628 223304958
290097907 463323420
594863978 127881934
353624502 460286083
390194156 158139869
768792947 645912237
873729816 252055381
515525235 280272609
708200859 249724583
304139582 344293385
23742790 147213927
206530414 632608281
949805359 397927108
676298778 80865780
509628322 371839618
700054738 982138399
444855894 147916049
377200658 58000037
854272253 493867997
985608860 905399673
629463426 256156846
522473630 564119050
220750909 279157551
425214057 292436357
743080596 908306293
88064292 553908019
681330995 142186929
88731615 642629704
580672471 2966008
36397506 379983613
977398115 528282606
525645165 375016781
808205072 13000465
572992128 563390282
952381122 88038815
171766582 762414361
301057141 903139365
421575212 103256208
557830358 963687846
850105408 212522090
861495908 793253525
451258661 259355897
752283470 814656690
950004601 912206421
131563525 684157642
382567309 25253398
721223990 451717558
493144973 42929502
876251207 964569962
301385282 216072966
672222887 932677117
964213187 14719353
520797764 174319020
301704209 643744585
344231674 873556946
277609156 531511627
860346667 390538076
569283383 533142768
903969307 22015647
544457185 203468862
999463782 987515334
562424057 156640676
677546121 131233496
597813560 571679569
762882995 111041557
778156869 209170674
564923747 41614472
616298972 232909209
745882527 414297536
744537017 707002062
513248408 52246375
619796814 305540659
173075761 779850880
986272282 600146438
198643201 72002335
785045513 630140720
598001157 229844682
242141110 728265892
430894610 698026805
239461638 79542357
805279049 367265239
579807913 99000323
920343395 624490646
456085192 218148918
518379949 433432696
422155595 830777439
993509220 468923415
65570004 636724777
291268169 907729729
791414652 483602331
13075433 896432756
820236279 905128235
320894490 718358254
923429212 258408010
637929585 760341931
382045323 378524781
167814058 704797986
868884678 486024933
419502034 137240138
195690964 579801602
153517161 494373922
553681810 919896658
436689704 249605379
901404407 734882603
673315044 778453532
812533098 554342091
877968052 295959541
491097365 96528629
226489191 746201808
820203451 224002464
595767566 761049318
506805985 656594366
616422802 21467640
688406371 537074799
882829639 646874683
319415698 298939942
772029040 732882060
355033638 426280299
573119072 616269173
35945854 163042455
888767442 503146151
779275360 974644607
239082411 662098168
154497557 681580623
254244954 106614553
496392423 631625437
449021254 367923477
224880133 67026787
774068878 790428871
760089166 101634104
304719320 82021280
378165224 223880029
853802319 204153443
998298865 367577117
464832268 843962303
526198040 551676212
459651970 32418436
142284390 90153541
250157399 730436815
797301187 895728729
663201773 924298029
870830638 549319494
365192032 649752981
510917833 713210424
717676031 746900054
969131 127787947
763551545 763956819
491567932 464946220
875406970 56958123
446635711 338689184
987730598 864384796
641732255 927514415
76651458 973705713
359518690 820134091
70373042 495716777
917958330 800465761
80614685 926991910
905915962 680096922
440674156 858524046
573808934 666934094
245427954 161543874
467112419 864843302
586634105 215888139
979008504 240432679
174213457 960807856
334600304 183110637
552390171 956612307
47156724 16389574
722920265 209466017
887197461 527988950
950692709 24507289
692013596 100247855
301739397 461033870
322168035 571257255
944881597 998797003
55455312 93635268
92926500 185267024
469840239 586150100
690146433 93507131
143184427 384636698
431816851 883436354
470252578 209609309
670501442 795814198
948710597 685615489
931452698 614598377
881522073 786388614
854756705 189329616
135476858 846805290
413821734 499978833
124586297 136762158
774249427 416087699
591979130 503633054
65869385 425596309
743182489 627252826
994328537 623938496
625338715 667264066
458033281 754645679
322841395 347796021
199149262 134511921
588714248 166850635
332167393 631566830
992023970 255962604
787558183 78100927
966195231 529067411
130088316 169461234
441846299 104346707
770596607 848099080
375336084 563470509
146534040 935621517
513330714 278817122
780530536 353563919
201905095 972210310
929862467 9598215
30731618 77845060
987760430 500333351
573784661 243797085
428722377 223331887
30676521 513806882
927452681 923731976
220156958 225498928
119240953 858422675
776152719 178048750
384193907 947377367
441761347 810030350
182453882 713757266
975154259 743250482
829570871 683111280
988534963 162435243
837782415 372134937
81558878 223752540
351684701 210961765
517897250 340125373
883615595 303036677
832107515 44654180
85163063 82701651
315296503 462412761
534553925 942587527
377254810 54419536
677839526 286233871
218099274 453185543
551840260 537710331
721696693 542061485
450332212 803688132
738763060 341146203
387303797 845421100
87485279 875280330
199849510 101347608
650179808 306907582
979497199 653212677
38422627 465666576
436611837 100374056
731320233 927321942
940115562 709733670
590124988 314551856
121060538 115254893
213845810 978612097
987905069 319422937
487079273 320389923
19709431 781184474
626814860 416613300
206755034 208199105
678070269 291498417
165520018 929176072
881854112 698006975
359493840 230332744
700126035 757210786
335516551 251215092
885418568 518792868
687428608 465759578
285404589 9433384
813008687 60821640
760718159 263642276
568608544 943049179
992380506 610291260
705724304 271052837
846203195 286974204
126417304 645068922
641307558 967439538
676342916 259426200
367342694 609750466
302227952 976316195
279568374 134258113
232397396 527503147
720238400 98928100
848516563 499735075
776710333 455623185
181001777 78695631
252439798 372910269
378592935 254493146
68793178 10132271
525916325 212412010
270715012 70348718
839010492 60464333
709159631 497892734
945681148 695123027
893881277 726556027
449630124 731064570
742733706 966479359
684669271 895866307
971573508 815288862
693638278 541015659
261768874 879408681
799079087 224854321
356442700 358715451
544041568 995351733
589067326 629070835
549376005 307353596
797696568 477971260
920562518 364331664
745678285 317928007
196480196 690494598
453879962 470083885
957469717 139594139
463788866 673156370
109331372 354580301
396034084 559433366
160252161 69210083
777090674 138443002
116542105 479727166
370482233 591653481
517192731 364774166
423850430 29272037
126280201 121127660
237718433 602678325
114617953 971158542
455835740 897637095
539460567 979519756
190559544 792786906
305893815 653601254
433969670 742161219
233348921 675936672
734560375 883097006
482598638 53230539
781984730 445015955
619317078 327017731
355192977 922188942
336177674 594086984
654300234 76654886
305120408 502783909
989732570 272454161
610243069 315135231
527565556 942007734
804960125 253322885
505358747 784562211
140196147 69809531
407766625 890417242
32360418 782311138
888490261 786016728
903875934 547166487
601866841 778834452
8703987 979294238
482010972 845984228
988492537 99522201
975997965 681494590
105138320 832100250
707174943 325394064
78094529 311683770
871545525 593619490
383365171 781110601
249823400 448322455
354330783 218864504
419200658 599378000
563407761 927131340
370283382 216100530
495556351 563415207
216406341 224574102
957646731 540185130
819084900 825858816
186347794 776706092
525329728 43838825
389698804 78549090
137287016 374645991
610049586 596584182
74996205 54262167
642883324 437939448
552580012 362459776
504580671 404724454
309175192 130563236
186270868 191686345
731580348 833730253
498644119 377283302
914290429 354805128
871476876 45528355
251048387 437311105
947495751 857426639
837928462 657761771
271312452 504254534
216408280 413326646
205860051 446120253
862613399 585067120
406712235 351400927
40125232 63469105
499916117 471771427
467437129 264263000
207520756 652589211
707855084 274750728
429732868 444146498
285829776 15905557
674880503 743463924
168248133 891839427
945273712 349082065
90371848 78204986
453542985 585083072
582215001 313769466
40091760 667926539
816861738 744639313
563677513 654689450
996518413 163534587
695653043 418989264
286972250 724289288
978453320 112270498
740015609 359400924
151570482 765301250
463000525 569614160
700771496 931077002
643440574 561870327
494579972 143301269
390607712 447506043
593706371 45695095
296086821 282526872
534942924 950276572
273060731 829084397
419555566 36310276
289112067 806691063
567976064 285799985
833657894 822245428
384311079 785505081
772656176 638580740
937568089 106399164
247459700 967256610
238082637 793293614
639343244 654677181
992554258 766388099
310103998 564828727
84247740 340312181
864335739 367371385
761282489 570150773
114956545 509541873
71296577 723383340
294888736 410963497
176359404 889437100
764357401 329081349
190131805 108901944
886749601 848162713
316276508 986605484
96342948 523604106
710319465 427807181
238797219 900813865
22384057 656138323
830618719 478437217
698964134 783111636
246898601 870302855
694992936 81781113
80130357 508211037
384497919 528944388
148436238 509715463
773682025 813574036
936990032 695876433
327774889 137567749
415909484 53031622
260395754 872850250
227992566 941161439
636717406 252832257
287522933 375835450
934244277 899394081
980080940 115801777
507262310 790136102
569715425 277812519
333006759 418828806
3245406 845243661
743589795 997240298
998822209 146117485
873771611 925263968
596200195 48238671
744032982 763118981
458574726 690231308
992385710 212813060
180524665 385052809
997910571 759123818
452768824 625033126
534921906 711583267
529275776 364742975
126945365 471654873
644077082 975556029
652178941 602292168
650924595 767529103
981408944 814118170
867754635 229102263
484833453 587348591
446281133 926502029
366126230 301128345
988814337 213135804
79268959 905418415
15669495 52535383
822242501 943937381
254248688 278603650
7007817 502610295
8929740 635357232
613894092 245967889
998898694 397751492
419911527 505553076
413404254 225624856
230224568 126481288
389542558 860116241
16244800 298448236
314493998 798197107
227447330 934244395
138537059 769432888
328120395 333425251
595883502 323497060
405152409 275579286
218913080 425328399
604535760 103067154
278021836 61041470
431346678 335995018
6229816 766063168
584053031 422395095
906781449 795888828
48956536 325244421
800957026 894939423
547681094 166629493
406979545 456053991
549756315 800231922
612523592 513885605
357180050 368148794
846221142 956981390
778329435 248850233
26501560 553955684
442613539 668037637
638950134 449532310
646466673 536464251
270876868 864861782
782359515 914234088
846801513 120613702
252948512 708899743
253625534 564033152
199091293 678012265
38609511 781419052
324025596 248831885
913725194 256986050
215126007 860338972
944652214 130169561
495951685 16639086
97206296 851486662
810800266 844482216
888654444 927501786
958896848 997752485
683869671 751805431
126537454 440642300
139644770 895623466
356173933 920349896
355334147 225226539
175520479 369191679
458371870 723123459
300486361 936905442
820306631 366342600
443311246 667752848
590092164 846357001
44739254 845588315
518541876 864070918
673063521 638813622
818897132 492652142
881062900 403822833
350807320 717009262
942520885 552606685
787481139 716933761
160753153 451237955
719122208 808742779
355403673 717953659
696522931 825227154
876972978 556920993
424237258 285506140
283008072 122639013
18187890 558376515
54326649 335049899
706115156 146070832
667293066 950013720
870874234 407942531
271052505 947395664
401558008 159480945
30218700 202557731
29847849 776989896
740508148 612156357
995789883 407987734
795674264 696762474
941107431 239656521
64313198 984168135
830677455 762687832
694977911 382869386
593767420 536645194
219877622 509086806
805272439 268268828
285881157 564778290
465811624 784289625
881976668 821534936
460376096 195329572
139278263 129151670
872168074 127468735
266933321 202995453
816729452 80371805
149631659 548748824
110250983 409624790
670221459 570242306
567143008 931397598
636538761 434360304
273424603 886888905
225232068 993380667
16972454 32742664
538750306 398475780
123014809 358783736
910726599 71629701
603635966 562370181
19567774 397718914
905952285 454190313
241857501 644220258
966587604 601979721
851148589 409374754
652716643 103197975
750051126 796638608
20349973 701421612
764245915 332856684
274643308 300068628
662910088 804902463
690090025 352974639
124164226 414279184
709152936 198169865
197192016 545368579
949403606 994138056
885913990 959991837
338474192 455536574
134272687 540895522
645520918 391809183
189968505 811693004
652340273 592736004
752597358 779259725
777993387 240996329
750067535 558567390
339491441 354656003
248992160 866191368
976538060 350115673
936530160 276321121
546770902 264015878
961686229 282943965
307758137 849243512
764726144 824036573
808923740 13048086
399864754 240381546
398285606 792507654
212788190 283781736
866722200 213580543
265947778 893587998
523415143 249711554
937482563 354922012
748272286 537380495
102640751 900590654
661444069 600813824
475333102 652254954
771694861 1838780
746761183 9626865
453654222 652461935
113540550 720996512
704852671 988085707
934764329 571769703
4796354 455445464
584886095 235990922
683405571 294046489
182097495 328002252
223571543 622621245
858897765 288472254
908812926 730499575
624931217 274502407
257944218 450784342
551051981 399809171
833260908 565046567
373721167 298237489
575783463 196846113
380710185 932536105
812465710 550930905
275524873 796371540
361794706 659477177
204754241 146101608
564449576 67650831
493531730 892927302
19560001 164968142
969115836 321602587
992441119 920949015
587853742 371462824
451930961 477338645
958612816 766768479
65560047 532741316
170400461 574147365
573717588 863815464
961272121 768728481
848234808 594662760
26817559 409874199
774611139 836406984
388279256 775364529
451238259 658446670
160585966 355492311
388392121 488540461
38892857 127815933
821279779 105215670
587337770 352090023
691621307 483923846
881509831 311024978
80583862 159695111
280431013 761310285
773720398 253888738
317474323 618203441
257174446 426368001
164207958 698122238
965989383 695708223
450440974 410733779
77682112 965701807
525260727 521455689
759674826 639099526
581736523 495439213
959623185 140833446
304243205 283253593
139047438 767621576
780676673 552295022
276499065 435382084
924323455 866499612
935229568 502111879
84474558 664219075
128773875 119456934
716618476 305834320
635207893 400076267
914408037 164944252
299899396 515596630
64563158 937253770
319019469 238755422
122600407 990134725
65395081 164963949
29874878 709478241
352479487 44345405
333885520 883092552
600163175 874412455
418121775 426235109
731886745 176786656
469490701 636313507
45481766 291493240
441948949 513856137
548129251 481534112
305179548 183238753
592579025 776473497
358395470 491972158
372859980 650547019
116586908 174586441
244378968 57498053
327452830 268982881
431387269 743213043
685476557 243148922
669798005 455828670
1677679 576935951
734319198 652777008
645870534 843201259
228565151 484233096
708212132 349946350
499809068 991976220
532612523 745981390
791555201 706084275
699867999 330593686
171783198 991804366
762379989 659584675
205468720 960788509
393421059 799078033
218005480 702620239
696146330 841265022
178249903 29870221
728667578 773030793
694271754 438436681
403619338 566720151
613239474 719692441
623789750 76867281
596427305 155315836
897097030 474470357
640581882 220338144
375366149 844732596
583365425 696698067
898512153 380990405
124868316 558069419
423566636 111715643
596630604 666154417
37673278 995868965
449972672 898839878
507447719 946808469
763251250 20043608
818048673 723442382
610687245 641387830
433216667 974202428
312174463 938307781
707772592 678922671
831457568 319433310
209034397 638936481
50974847 422914319
47974274 502999103
126038031 600788687
758461307 773461083
832304092 188095579
14210724 139999113
667518195 408748947
139442372 557431996
150381100 137185231
180404350 490956484
450687663 863378880
658290433 670017041
314107286 219576838
689863734 606638229
673781982 728639874
251474375 730107280
370852089 98846008
25716419 129686945
796957543 744919198
391232142 510483110
289997490 223947930
943885432 723152962
476852488 901416186
234691226 308354960
554229853 928571519
962940687 968900317
131889856 727841247
851361118 198975616
415610537 350549895
771153744 405680567
587765482 641623124
617969372 828241732
449906962 312588893
187399877 159601753
213756022 957046321
847403440 329371823
604088791 280279605
779199207 890873782
692535216 197491760
791746729 829504743
68346143 303933666
884060715 75516213
653143405 153920462
517884208 839451554
666339097 8074560
512147693 315550284
737580939 503877256
883561064 302328553
567749810 675001933
115268584 439037941
481533733 667277070
93984471 178746510
498253030 516859958
137468003 547353691
791856609 778076027
506264793 459757944
309884049 691927510
6824972 138619131
94405826 285426719
549070575 130201123
884202308 409546819
125189661 972441295
394854437 745431145
883797618 962609508
302167312 868395097
526990864 366369105
343443668 335131563
832781042 159057582
505910660 867882607
423985170 352106090
659694109 874867248
602739879 675771231
593639838 596521792
909311468 991293330
100099761 13745072
902848381 183208656
603686730 452286795
986322271 960972767
823290863 823406522
515472023 804330774
750172594 446844729
278498736 274819620
36196040 377573215
598250278 780812074
93453982 4544
943882851 313438281
904886925 876933447
546702759 769868829
481505726 468926719
180165849 839419999
725267674 997420938
329010450 407413606
560575092 671795600
208423661 382111208
827600091 298876391
195456878 142259094
250344466 377939306
21298696 593638560
97801601 984824110
173630584 198918423
471489998 367215228
827451958 588901496
109156000 132857448
995622150 967573977
206464638 283884306
655327917 342275247
255489749 999472249
544036801 642728506
734502424 355003639
944364442 388369806
719567362 257737565
203385189 184301118
589282807 778150571
269134758 381517192
169918828 656720637
840167125 240214294
448828588 300418482
232568597 364435607
464676395 619717401
255855186 85702188
985386179 206704696
303984042 448546141
116170127 567667883
174826215 681649719
578581407 408535535
324026762 909733913
290287971 239817091
406446907 715331703
713118692 123561375
33017975 302913329
663853998 70876893
241577104 355392002
767536116 670989640
898437903 377839793
841563038 133182982
177678495 993823113
777661596 901345459
278710250 693835033
593171920 496762420
262172426 827164944
142217863 332350596
285114382 121234747
