100
462402 731479
94727 458817
646466 394328
244395 925606
662764 270358
591924 199399
727185 376928
57618 277376
968790 841012
28759 782231
370492 98750
20182 325586
614219 146495
428631 64002
673307 992585
183668 501052
476031 582950
709459 497737
65038 474073
775423 14771
887759 724988
734501 683520
937280 267720
344297 99195
125379 48371
362531 169005
76454 52724
469498 819371
407502 863394
470810 321865
339263 730106
337493 207276
408841 518975
108372 706685
136466 399996
26295 759738
113149 721573
33745 30310
493941 399004
912761 336865
394328 277455
542606 64082
834306 200190
594443 100800
143220 866458
617603 859136
630561 617033
545977 414281
33557 996359
41758 467043
509954 40998
121575 759230
298665 396406
234187 587807
61409 582911
98326 494645
651079 896555
813677 237066
667779 144897
220127 500693
422258 351948
716131 533548
640693 98842
259380 569174
878038 802720
27334 457663
866898 225723
329635 172933
160455 73937
954407 542063
765691 480150
891156 597885
838150 832554
201683 219418
282206 239008
764040 280686
132093 426522
988624 11152
389489 13584
137050 639961
624063 236143
28127 729939
477621 658654
783231 340945
843275 542491
301945 309144
247797 137348
383239 374011
260552 896690
999060 537028
967558 332480
273883 164494
689480 135785
125085 664368
53127 20175
645567 40532
705606 750872
889661 344037
111648 683507
306191 244070
