56
652 154 420 618 677 399 758
278 456 335 21 734 334 199 281 323 986 657 779
637 621 668 761 302 136 969 957 891 697 873 718 709
215 509 982 971 901 230 8 127 253 356 227 271 291 364 45 670 682 126 436 37 504 280
854 653 541 446 727 750 206 444 539 630 35 171 945 759 112 968 146
720 840 916 180 297 336 770 529 771 292 553 498 252 23 379 725 535 713 264 464 241 387 867 912 86 29 666
831 30 603 483 473 895 624 494 954 274 11 700 893 147 481 949 705
810 975 290 825 757 320 615 228 77 661 329 741 238 861 837 265 32 955 680 314
551 19 405 18 239 36 555 145 583 210 813 438 192 573 578 423 876 584 411 361 724 1
71 306 489 105 107 164 85 388 395 319 51 616 373 587 150 2 326 226
862 369 266 39 633 187 284 474 207 437 378 75 863 522 148 992 548 12 635 764 108
337 789 232 719 81 175 836 513 312 930 923 684 347 458 104 755 909 58 798 994 63 106 693 174 905 250
111 708 268 571 613 841 956 79 285 948 525 244 692 985 990 511 167 397 769 469 83 217 579 134
479 648 965 97 696 877 27 782 24 236 631 774 785 188 686 351 95 550 208 641 707 165 289
157 811 385 211 563 40 225 366 202 828 933 664 144 125 515 434 143 642 804 41
309 646 732 665 843 330 733 655 723 795 543 530 100 801 418 462 486 195 286 133 122 817 194 822 816 409 401
233 132 598 766 427 739 920 882 898 835 487 784 890 247 557 853 488 790 294 249 996 683
803 149 872 964 410 679 428 237 659 673 131 833 731 261 344 484 617 201 701 229 649 937 372 991
963 576 908 589 73 102 398 339 231 493 365 536 343 460 258 881 273 629 568 14 756 973 402 602 299 182 564 61
746 124 189 860 935 698 380 357 381 823 793 783 449 416 499 850 116 31 962 929 400 596 38 552 772
190 137 592 763 722 72 742 502 153 567 92 538 354 819 300 976 243 505 797 534 851 645 142 632 168 604 491 681 363 461
415 745 556 628 408 546 455 185 856 433 926 6 582 209 445 806 988 123 7 605 900 53 857 406 482 374 151 169 662 173 972 496 989 580
338 818 245 590 919 866 59 614 842 802 80 331 130 452 17 710 49 993 594 332 953
219 925 454 740 639 855 749 158 204 235 896 98 193 472 717 316 251 293 671 318 654 110 214 177 656 367 600
315 156 466 340 858 737 28 121 10 68 404 915 907 138 166 260 128 90 532 874 932 325 333 52 94 566
706 197 777 844 270 310 453 129 940 636 287 643 608 155 865 467 751 690 928 520 934 958 439 776 675 951 959 443 820 561
762 328 313 162 301 640 663 678 597 139 118 627 978 699 848 888 669 913 178 880 89 879 970 558 687 96 924 304 457
4 115 120 967 998 839 620 382 864 272 574 773 414 689 651 588 869 216 981 475 829 303 383 537 760 523
429 883 554 450 47 674 442 295 200 358 421 432 78 76 704 892 161 918 296 650 476 999 43 735
778 255 960 390 267 203 430 517 25 99 362 824 114 514 117 812 826 311 518 528 623 42
305 371 728 186 91 103 109 676 904 66 254 974 246 581 485 172 610 714 531 768
549 500 660 736 695 352 222 808 426 50 911 606 490 205 384 607 224 407 463 34
832 140 591 327 941 821 135 886 752 622 938 417 403 512 601 721 234 685 277 497 93 647 544 794 939
786 298 501 897 348 726 716 393 526 396 101 738 780 459 781 814 198 507 74
257 368 506 805 183 595 527 565 827 87 141 524 754 995 792 672 22 170 572
276 342 307 465 936 807 906 729 884 586 349 868 248 878 767 44 353 753 787 355 160
9 431 441 119 54 942 885 634 275 82 282 179 691 979 163 20 947 259 931 612
346 46 69 376 33 159 480 56 838 1000 345 944 447
60 533 471 152 279 922 424 748 220 262 799 577 765 870 510 218 570 263 448 386 62 13
223 625 950 196 55 492 425 440 70 341 57 559 503 322
847 184 113 830 846 910 927 987 360 902 871 667 519 849
283 952 176 516 88 688 859 521 422 392 67 308
451 377 800 977 569 468 542 545 638 921 712 375 644 593
694 435 599 477 321 359 894 560 702 997 191
899 658 240 324 626 413 711 370 619 961 903
562 852 317 48 715 914 394 744
470 966 547 889 181 64 65 84 478
585 796 887 946 815 980 389 875
611 3 419 412
269 609 350 5 256 809 845
791 15 508 775 917 16
288 540 984 743 730 212
983 26 242 221 834 391 213
495 703 788
747 943
575
