1000
23901297 965197662
162256260 931708003
158043557 140490991
769863123 644511
155979495 64144276
659909292 492956564
561720626 601749574
937684512 676392287
509418554 120740808
682724773 350379133
559869443 944324212
397214759 911440599
9123630 484137612
397272880 787151326
150367481 97937122
29459118 138861399
327726501 758164520
921036710 326209718
942087386 107636936
105366785 476228938
990564943 771505023
104098479 520208959
904847172 850166283
830275790 488969256
580024921 280377286
82794306 26233508
851612901 438678803
697399741 247717926
180805722 976977948
979183911 164406482
468579084 690599722
245589772 956582974
387488343 175201270
4472787 681180342
822544998 939922311
911149034 661944929
209204890 985967685
397337222 784897166
901650499 512251551
818472737 545294685
296070633 904966115
99211683 715286358
191755508 712817456
194594130 411189741
756591689 957785691
498176523 118142518
670962178 141789048
244307999 131399610
207848774 781654606
355842023 480549307
753952607 876482155
112774504 777677460
453803642 650724946
406034594 192420159
360459770 139767248
287406709 347662065
100358776 396939629
542685233 862460128
687716699 436947197
498322873 4939812
175684113 871952214
26151506 448592315
378289895 911514395
188740621 177616039
131662219 188101303
495382479 315367474
6773531 412652902
619041274 356726866
443127785 160623981
314476986 327801383
948076750 76173162
742247584 311032360
771396294 411095216
76798782 613509745
802064710 807870083
532276465 411824765
858964417 867911192
537863454 346721616
807942636 664005565
474768578 628266905
869108049 427197283
363500464 351189854
245857866 912336374
117061607 202237594
899248459 604086110
243263407 970258162
410334657 352192784
337065674 94643989
366418760 578563983
412414326 621471073
605333457 175726019
702778063 496031726
161581282 580710831
99651141 821171808
446563222 859065880
216901263 735626457
893545612 328164773
626017223 466688669
561086664 280793393
715666798 684251044
341378788 416549940
744483829 489419092
605280264 238066422
705019228 841176596
918320344 301849080
341312496 913015053
907985145 378654500
70342447 951760658
564906082 263644713
365871453 734972239
907036783 228731481
275244788 971563908
429668574 52990011
486754215 455775819
766526944 5976394
501461183 690469433
377950804 500489057
633661500 317019459
453516860 185640676
759679821 25279722
683415136 257664865
536847251 765612634
570800272 580568261
869144815 18795948
531683970 823874659
470221751 981988277
934375551 677142071
425495385 597159625
705614440 97106765
424438631 721856327
754238638 545346450
889321775 61712084
556978978 764287376
96933798 922722500
473380649 275871009
875289907 948267809
797011357 120576535
527584203 573949686
645655415 289049529
595521246 81752954
407138055 369982557
422646270 762034517
357200166 840570692
609973432 785951919
884035359 760742246
172898547 981718194
262777525 953125120
690522225 880898488
855316286 161117876
285742912 926556203
416636952 758036584
434238594 118612401
712716980 389549974
998604836 710761754
543593889 445535920
776860761 69981453
895487431 189714706
684664791 368965867
378816054 328130492
15035872 553669314
345412502 533996036
719362776 53402068
150090978 461365632
902766204 547653597
115446364 906327570
491742165 587481048
458131278 866681357
300020925 777465059
395928099 760460195
64632808 572434440
709146102 953029220
198713244 570049425
283828559 778067185
228323296 919985053
856884256 490311184
380873379 39210749
203063917 778512349
458675466 542336983
250006970 387282521
975467925 227288379
189273412 172805032
213146728 853227580
482491478 187192457
441882875 40794499
734983011 294266320
644326684 117559443
891816175 584233324
654796947 790149384
863986930 61627122
846796107 98966824
2719325 355327686
836512888 838420029
614807641 521580701
310141123 830025972
600699119 726669445
361015659 89342123
788363442 15075815
147014773 541583164
944378484 949395753
631211303 189428712
467310251 788714384
728821871 713397625
640299305 164676842
660768477 442799784
193269166 551718335
965136005 469853012
848999832 619970070
349707005 901137759
631192245 524399841
873568130 799122214
839058233 419459590
43315611 127479499
3816202 122182029
327697408 756605113
992259676 161457854
353475905 534030669
211901756 914160879
121876535 357515846
791133317 78299605
337311273 275695775
54336480 90610745
481909122 403512250
469837700 35697584
115249698 636341704
786077093 610413214
106297436 952263866
897023219 921041738
892335881 802284532
387106291 810758810
952518841 583134351
708020364 595896325
900089419 396788638
893702047 46720256
272468752 487794893
647744395 447964620
821945119 548069213
784565832 363842522
746576691 899312864
911930087 447363884
284483843 170713340
728293020 931283862
57179776 87617484
528482289 636602583
658842573 820291166
753294647 230534390
369186776 494288241
635600022 709345119
261513928 380806459
289036441 828395744
113587226 924123763
468138780 600701718
917680047 835662568
928810353 775516291
483789505 444480830
688352531 49690173
153787278 122064695
557124103 46575593
525766974 691588257
40311032 504058312
470953114 588547530
638892387 680209918
333948931 299320020
101070012 432492750
809216742 899842200
460677584 938103622
903279032 315225466
640704856 146258477
886663308 390252604
244346364 9223044
767756693 56482979
870500254 941189071
625496925 220967017
498142390 708609726
773690806 912201517
384631487 338088159
530253523 128265851
191835998 536931943
998031239 291264592
405201074 123001546
32009213 993002901
901632365 955781023
360634148 357994355
418089807 28591327
881248190 589984948
787568288 701219605
566689228 754685799
666602356 345914865
138709108 5484481
70805257 913694746
949649015 165740719
868544324 943916229
924881295 516042242
468035416 602768948
445186929 823460452
644156164 169106253
236039217 578387810
966595558 279114180
607644080 47882637
218390545 826895041
560598959 618152579
701467195 65771943
935082350 942306434
244389388 667978368
84582146 768873279
727282994 16963785
924594377 76902380
486304858 159125022
1728929 420371030
893846749 119688578
760246556 67017601
213058834 591436201
840277472 613904785
732572615 51041666
36964472 974466574
789728695 43916256
533432882 597988305
253156443 123856149
456796456 625383631
819640323 862813939
923703081 539717000
288198530 199254207
39653795 445865687
825610209 974973921
240449029 174025114
308264106 747208367
115951401 941836385
585961572 118705503
762609656 47161504
758680623 894863122
827638070 418072018
434156904 645034522
95819284 835501708
218251997 753720221
963803651 892015235
996855115 532338850
964482340 370425646
910427368 222544692
827880746 27452957
726500911 552084573
713063970 181305681
186609578 344772282
495942196 144817121
542899201 662100280
628977438 705897004
129990525 401548581
499254000 10352330
798341794 794135471
537397041 192109788
324174102 364664191
202314463 22512510
584561449 841176704
482898948 386065497
179043333 466214846
600123121 572562774
49610867 551824745
925855514 920285037
781551175 268736248
613733773 299062890
245666666 225992464
182411506 327798146
226618791 946538455
529578186 386068800
112066821 862275295
757378117 954633704
612242154 648632529
752567986 712309377
102210327 832595606
554288459 93179831
912562461 244944719
118306630 240013346
670129956 19676933
188606646 884750643
482660672 893043415
427230095 739836530
143054986 285524230
418692437 163848416
397614045 14396973
825564518 760472187
900234282 878215053
798868960 255160800
761587321 348217990
670343178 187475837
211682594 717204024
167658552 610989266
859776972 311162652
53378029 446110165
627883550 945782954
868442385 617894616
16342115 188431413
674784160 129694956
28191988 119792213
37650357 346972296
451804277 280105894
89896520 234618522
856519180 803920735
414727139 395711640
377110528 871123843
735867906 511838823
893985891 971365522
445556782 772616385
126387900 895395799
332132405 803035393
428042466 424180188
617027735 454294118
925250358 174864903
439274644 675800617
101916700 669868374
780713959 138827082
259546407 893840145
808892784 282710060
461885766 926786190
58106171 179451868
198239591 217393700
554442595 408462752
835845704 35057020
600629987 619205105
431867971 400864440
690373433 714814700
112945019 160285936
994266027 840427069
600971757 301719626
209564564 296190850
642677121 897672599
371782715 201063825
347325057 251295395
474838517 436626625
831598433 338239951
788089082 350705756
751382122 29398021
611381045 246394784
488122778 125357206
576433324 304342751
702435352 419698823
516823238 836118354
320069296 92468415
229673402 985130421
848216286 648376932
853830494 834367752
304778290 709328945
332837478 292145294
484776401 137355605
651832790 159537346
84411024 785629802
961394056 557701692
628703646 536168345
979703983 297929178
32852412 490159021
70595040 433566626
619661915 567246239
680649989 132192575
403789480 2522625
377603405 755834128
728042016 67287753
751301873 145162545
735353960 240259557
997776641 469651354
65266643 797338294
714062291 828742602
250151757 470837144
534543950 668809395
20106454 866846801
611071780 714993336
21720881 676481055
803023341 930764224
469963545 169080799
721881524 159460396
532649061 535855018
310089314 204380153
351182286 907885484
303929173 67993561
475372533 111058018
571773342 526924405
946984192 396533773
862462245 611266477
330806895 590657145
230794476 584445480
299454542 163689829
68754359 226586947
905550570 125261551
329970546 347321079
246008050 958795780
428261859 719121723
963209039 277448619
514101138 738833034
201461705 568661764
603596332 717465235
727300414 617530369
494693174 783259518
922789684 111522805
283978155 551283398
268356802 795389306
358830018 148763352
700793463 600954699
865653060 895344051
51239156 64538669
239976948 793209347
189217319 549334211
918881993 817494027
569357326 630284392
629942158 98246302
578458539 94698246
725243018 344515997
66805303 431685859
164395945 989819618
483631229 644558364
546300777 134941597
108007803 542379138
78872463 117194559
989456261 237629855
140347848 350656356
476697898 864605600
338044986 461483570
840365843 571355090
401207384 456962605
531561894 834220820
367619914 40410824
583044572 247659418
179484215 652203432
44056589 409045406
376260194 592697601
220733647 291212466
737669365 861880206
53503324 768379857
384488084 391789805
694205388 806796588
423553441 357010036
432576887 253216613
133307542 676635053
944950589 457113395
735075665 668203436
86411871 706869132
396959928 648296080
481373132 18587956
445159035 713123963
881381328 896499380
565509918 653767127
143214123 721975145
639418533 545188794
925493710 902401464
126799323 50732644
988509279 162281534
272909797 227161683
778784906 598982991
134942517 607147488
264380762 230179992
758673984 235917715
231414756 87553489
416476637 896515984
683958423 4931147
401926071 861454183
955843174 89325596
376701786 797478906
924860543 807816920
690743150 66460097
891878349 735588847
810531840 96777655
583486614 715781795
258105340 682322660
81766979 431135140
172203959 248919176
12361536 817633865
308193961 24261857
822795002 454763373
191896120 858989721
418906117 275250660
5290415 834609360
709064288 466713241
466608973 785863105
320932816 161168966
119450234 370260499
852144744 445767886
22087445 584737470
833191722 873652282
622829032 309125528
3150536 39109454
863769661 144437372
328887427 327869383
754727050 891659029
189684533 920533556
97908295 855174988
298041450 554461038
638601292 524323254
881105350 786379310
505627599 916119913
284092321 44141638
327100571 363242850
452341408 924583945
495216199 515625196
774790640 381867673
729396044 268986210
589919818 97200879
793006152 129929574
3059623 365960356
110888441 833669562
440640527 246194012
400604520 776219582
654961551 220432080
885996578 164307334
319082313 133490038
41754273 840238999
335921061 469196750
285862090 803095615
975911846 195497547
299847312 779838606
535866711 627837405
287566518 534000884
162024804 624570135
605278641 437336441
205827524 22366722
167691947 632635795
249927572 52900477
26391716 517838759
848902656 475296287
678977626 467111371
912714347 694636068
725109068 891159582
488762201 747012906
991905849 954747049
98097395 258257761
681564501 156429800
987203864 640524045
441329703 329663971
123917396 711297190
892835746 804194991
447352146 75587801
208413796 178324930
628393469 344589429
792670398 113430591
476557715 720588668
889116003 907283791
788668515 628730714
354489004 773884074
900607779 531332146
388756101 330894646
383714131 921704696
682674118 326777058
993910985 253629268
222020099 244471883
714818064 234635769
698414952 85890189
335591908 905660099
342522983 871460245
607556916 367587345
12366249 326648824
432115508 750202227
891457448 144448658
154791657 591245906
896475072 276083684
285091546 821939032
234713712 578504888
498100021 487618406
999818782 526979536
988766003 89379763
410662342 713847163
812866619 479810774
109996727 819486261
623844674 994196608
298986043 154645462
775338848 438757382
590786345 167408889
836536648 881196983
293389900 777770793
693006363 205176537
629396235 735875643
880893183 240875516
38107274 979144984
48295864 397177486
942306513 796566240
520183181 505559707
640812171 962134973
467881681 607411869
190664241 495131817
756800630 535403967
664699911 155957910
218413456 745195079
528868637 277049104
909530241 969484461
670965244 217014970
807390523 334721633
117449812 966720236
132988318 858446217
578253655 972245028
205262120 891729870
804635580 756507366
202408392 518036928
630849581 816151783
223554055 722976652
326678280 248188007
535999679 472300262
469490398 581242447
219391333 391445446
647985083 822819710
293014209 916107868
323721074 69832754
580241357 211056661
860169426 347599662
481401491 984116182
800525915 135472520
587305268 412332500
416910349 944638220
438320900 801227355
124439888 264901075
35501688 71390271
521724758 437569863
150331789 976356455
789433303 11134565
284217554 905941389
896541746 359478574
221879226 994186724
256694257 771691622
129420361 235051438
172457203 279055728
820891207 898467050
115594300 700863060
190280225 201078315
462610262 235729891
543898461 547420292
348129377 990311410
885545144 406542496
987547838 76734402
296509918 485956846
770069588 258673792
801759430 511499513
106549629 955761639
892004519 891531221
476759441 199191299
977392794 350846389
663635981 66723789
400817306 352659551
70713987 98796897
715724838 621871696
887314463 194346978
816878223 435223310
982002759 862144608
128262831 719579861
581640275 198003502
702504759 234628410
310335002 446446646
809906436 352568340
725052304 188407031
749663370 896627463
725501577 331805725
85864557 96335790
31902396 250177838
827683428 36811555
879227176 13024770
37150639 25942878
360510835 273835199
698436682 271277751
965746564 375056111
495983566 543083296
454847696 319441927
139067388 493128088
282274744 410572978
703867561 858794701
377684095 799509830
924279367 535885788
882671960 999693580
369571124 966062951
63131242 749906624
938667274 914921923
776102696 38689091
792767718 193163608
262987018 925537061
320565304 345215974
843491293 212206156
206326297 407039521
70696975 715123038
352202719 889505266
953916482 455683347
933976397 463247684
138602975 868641546
589479418 343036249
770344444 722630690
65930259 117197287
236468039 741459610
779751788 31275630
727708017 25117967
160157342 994483778
255852406 457564303
235659286 485359610
837257289 439387367
661854159 565845311
716918021 641674402
745786515 759905413
621053923 36272115
80381303 507330715
27439577 97283019
909337626 243200321
489217516 815469133
153901459 60423534
263207682 444629813
711063950 550893761
87716053 635364069
783612301 554710687
263670276 64625166
454901328 683700973
506693956 872748880
329066603 305759667
343574381 35284069
703581773 686757960
547769735 599933869
882757239 148082581
327372977 903210777
527903673 183373925
604107233 539243801
409973897 305839921
477188674 417662287
132754042 140263476
973581975 46492961
891763156 290887860
328872004 528824313
857339924 825352967
196630106 516152665
127025102 159786038
273404148 882256729
519328747 826579685
792656382 87429438
590846628 604950933
82209582 813217815
499422753 200631313
291585320 871032383
740663861 460996359
505539457 408663627
927124159 345532562
298374416 554882683
410581804 284703781
699460887 731591778
303376306 590733473
344559273 211049987
980796418 2366426
627896387 62800448
745506685 557758482
29947714 91662713
765965721 568959456
850814295 547284940
521783005 930235747
179303908 357794153
698059665 75780544
986141897 115756292
840740887 496906886
623677438 535403385
833983808 351926682
776728358 44270255
88627571 141498042
328759801 261123340
459166387 8566332
551489666 422977381
24972988 425088234
557396203 646403437
443229725 728714102
305856624 109904567
525931900 747150747
988975478 4544105
701662462 258164435
725619583 306160574
446387087 675471289
712957306 201056982
276589444 256614179
856896077 105732764
553007295 907493951
916736150 125718590
746596296 842348752
662125304 193480797
543591237 482493563
692635459 416762202
549625537 946900177
319216494 369539029
413812675 517910232
149689670 346420599
51245672 382811016
839745251 165982104
476752999 990005225
386023434 679997696
4336148 221240677
516291032 898152653
852743334 353806807
253303858 395801642
343036225 592103891
434541271 576710816
500728721 692558029
790254062 412926787
710597489 39651081
380045780 361156070
392848164 220329794
467690079 297356410
173442982 142079230
541755338 480274604
208875687 90309628
698007610 684978603
718248487 980064969
491553772 510744583
288145834 951194226
200774142 230761397
924297497 703086419
634177494 463459887
549515061 180272398
775673651 532648632
315678136 111491790
487759549 630925066
972299117 580396972
57790551 328443804
7598307 272893678
496574181 281980060
198522566 922026487
404886007 342338838
533373647 559550429
805534141 282884957
591192745 860601086
309940948 272570592
307916791 490842316
332076290 962438752
515228547 526147860
179444311 216562692
603483367 485089115
979205599 207085194
60095588 132178944
318648216 557936632
707725775 279660848
792508380 410271209
207510082 262741163
380562252 136065832
813956774 727699304
88523269 759858301
751631387 99716557
694566151 469282772
280361018 312066401
423669458 592445010
460824037 730777334
816074589 682073924
32212741 506258789
343183391 720772955
664054260 734164271
342394276 621878845
855219473 124554707
461232306 186365304
253072448 862898484
434291306 393929816
68723759 667599467
694792128 243288681
557167431 193652504
393757199 205395692
33370758 62182723
112521853 448595875
525545130 965102199
131227293 157277791
45773693 496323554
783996418 775832291
187482946 961233373
442177022 81867907
101083162 767293830
413572952 35286952
56420457 853433649
789400349 904360441
128303142 960761695
829126501 561293891
758863478 970410250
310716835 698044744
87495483 776073013
687680385 53894325
67466815 264768155
466556775 703484232
881807672 82452484
810923859 187320879
893715989 299448472
287600325 79941500
758140182 41061208
217662508 977187809
763232211 956682908
309764709 663368612
980282442 429026644
266508753 791131311
354405511 802119786
473008913 450358211
958862575 137468996
545684833 630266573
328546600 75256421
596718734 351959121
156255656 407651123
120410261 179566083
337483737 582875091
981208282 276491892
105763558 20291632
112954113 94874089
633535269 835267355
809294189 991091784
189047841 317989516
589172051 565323820
126861635 839735303
620803706 850562839
23428380 884992282
528268433 890416327
119859537 785739267
443011116 879469473
273156899 419964526
269322589 870090826
108178585 276424795
699547115 55213653
215304269 629403934
136702258 396186134
