100
10 55
51 63
25 41
12 22
99 51
39 84
85 40
23 87
15 23
66 45
5 70
84 83
77 28
19 90
32 11
40 59
28 42
26 79
97 82
65 15
6 30
62 54
69 80
72 92
76 0
47 14
56 2
90 89
29 36
46 6
37 39
30 93
45 8
24 65
43 73
73 29
34 1
89 98
63 91
74 16
70 49
3 47
67 75
41 62
53 32
11 13
48 43
59 44
13 57
88 74
22 85
57 50
8 67
9 48
42 19
1 66
78 35
98 21
81 77
82 60
50 20
17 52
2 3
31 5
49 4
93 7
86 72
20 88
61 68
94 81
55 46
27 69
95 10
58 78
14 34
35 18
87 99
60 27
96 26
33 56
75 95
7 96
54 53
68 86
44 76
83 9
0 97
80 17
4 37
92 25
91 71
64 33
38 12
16 61
36 58
21 64
18 94
79 24
52 31
71 38
