100
133 32
105 40
37 18
121 24
49 206
110 205
213 164
5 162
226 7
175 151
219 111
50 121
100 62
93 189
201 193
98 27
172 178
119 92
117 232
1 54
18 108
95 160
135 124
64 155
96 209
197 76
166 147
81 231
8 73
218 168
0 41
182 136
70 4
65 102
35 116
114 204
58 169
158 226
15 165
130 186
56 56
102 177
85 117
57 199
145 200
125 181
115 30
42 146
157 52
123 215
39 94
38 106
87 89
63 170
48 31
148 88
137 131
60 198
41 203
210 223
79 221
54 69
103 68
155 197
229 180
67 55
36 207
69 137
90 37
225 98
29 141
139 26
120 96
88 224
22 65
107 190
62 46
45 33
47 104
10 29
53 66
159 138
61 185
150 51
97 161
4 122
202 149
25 82
208 140
233 157
84 1
153 195
198 57
222 14
212 229
40 99
232 71
99 60
193 166
3 115
