100
85 67
32 49
86 90
69 25
39 58
48 89
30 53
19 2
6 17
68 18
28 93
83 23
38 12
84 50
60 81
17 92
37 47
54 59
73 56
52 24
71 98
50 29
96 66
47 73
21 21
9 43
29 97
82 62
65 48
88 7
61 32
23 64
77 80
93 74
1 14
46 19
36 0
64 95
49 33
74 99
45 15
70 3
92 38
79 96
35 13
56 46
22 71
98 4
8 20
76 26
91 45
90 52
15 61
57 85
26 41
3 69
5 16
59 82
16 34
31 1
78 79
97 54
87 9
89 10
99 28
40 57
12 91
53 42
66 8
25 36
7 88
80 65
24 37
44 30
43 40
4 84
55 72
94 27
20 78
14 77
10 55
58 11
11 83
75 6
41 5
51 44
2 60
0 39
34 22
13 63
33 94
18 87
42 76
72 31
27 86
81 68
67 51
63 35
62 75
95 70
