100
159 128
225 0
64 133
44 138
74 161
144 160
37 59
16 152
21 159
93 18
119 28
123 14
175 139
7 163
206 16
158 110
86 50
145 154
194 52
233 202
90 2
62 131
34 130
156 151
219 113
181 48
201 61
136 112
217 123
36 158
71 64
79 9
211 12
104 78
85 229
151 79
208 176
148 219
88 221
41 42
215 136
165 108
12 32
33 100
157 70
126 99
205 199
0 211
218 82
187 198
11 186
214 212
110 178
80 20
229 233
213 222
53 46
87 83
163 162
112 190
42 47
109 224
118 98
95 11
128 103
5 81
121 170
76 174
97 171
27 220
137 51
188 192
174 157
210 10
185 55
192 127
169 214
153 180
4 84
30 31
127 205
168 13
101 189
173 43
96 117
161 26
152 208
115 66
154 203
197 115
49 228
94 167
39 88
61 60
28 58
131 125
167 114
183 54
177 223
83 118
