496
0
0
892
0
0
1189
-1145
-947
0
281
-496
-325
0
256
-496
0
425
496
1189
0
216
496
0
374
632
0
1470
0
-743
1189
325
-1095
0
727
44
0
0
0
974
0
0
0
-924
-44
281
0
0
1470
0
0
0
727
0
0
-727
0
0
1134
25
496
-135
0
0
0
113
-114
0
0
-496
-25
76
0
848
0
-511
303
0
1470
462
0
213
69
0
1470
-168
0
0
0
0
0
0
0
1470
0
743
0
1470
0
-44
-878
929
0
0
1470
0
-727
0
0
0
-496
-978
54
0
1470
727
-15
0
-118
0
0
974
0
0
0
147
69
394
-578
-727
496
412
0
0
-727
1352
0
0
1258
0
0
0
1470
0
0
-675
0
0
0
-236
0
138
727
118
1470
-397
1470
0
0
343
1470
0
0
0
419
0
0
1470
0
671
0
462
0
21
-69
0
0
0
1352
0
1008
0
0
1470
0
727
747
0
496
287
953
0
0
-1
0
45
0
974
0
0
-445
-44
-21
974
-190
0
-473
0
69
0
-496
1470
1008
821
1162
0
0
0
0
0
0
0
945
0
0
0
540
462
-336
727
0
0
0
0
0
0
-58
0
727
0
0
-1258
1280
-69
1470
1152
0
953
0
0
1
-676
0
812
-708
727
0
1339
21
0
-727
-21
0
0
0
0
-743
540
1214
-531
1008
0
67
-713
-727
0
1127
0
1449
1449
0
-232
-69
0
-580
0
389
1008
362
0
0
-375
727
343
0
0
496
0
-5
1470
0
0
-832
0
1008
1162
727
-654
0
-26
0
0
1470
0
0
1008
0
0
281
0
-67
245
1449
0
0
0
0
-281
1403
0
67
118
106
727
557
-212
0
0
0
1008
67
1127
1470
0
0
965
0
727
0
462
0
1258
0
103
0
0
987
0
1098
0
0
0
0
0
0
727
0
-550
0
-106
0
67
0
-1162
1152
-69
0
-483
0
0
0
-882
0
0
-11
0
0
0
0
0
0
0
25
1109
269
0
0
212
0
1258
0
442
953
0
-73
21
0
0
0
1403
0
743
0
0
1449
391
965
974
0
0
0
0
1258
0
1008
0
0
0
34
0
0
0
462
0
653
-653
0
1470
0
1449
-23
473
0
325
494
0
-539
0
0
-351
-1269
0
0
229
-727
0
0
0
0
1127
0
-1127
727
743
0
0
0
0
0
1470
1470
328
0
0
189
241
0
1201
328
0
0
970
0
0
496
0
0
0
0
0
727
375
0
1257
0
997
1008
-1162
404
0
0
0
0
1095
0
0
0
-1085
-849
0
0
-1008
0
0
1280
-1257
424
0
0
-496
0
0
0
-281
-325
-496
0
0
0
953
0
0
473
295
0
0
0
0
254
-591
743
0
0
0
0
0
1008
0
0
1403
0
697
265
496
0
0
-183
0
974
0
1470
308
0
1201
0
0
0
0
1470
0
0
766
-654
1470
0
0
654
0
0
0
235
0
0
201
212
0
0
0
1269
1258
-152
0
-59
0
518
743
0
0
328
0
496
0
0
0
256
0
496
0
727
481
1401
69
0
0
0
0
0
0
727
930
0
0
0
0
974
0
0
0
0
239
0
0
387
1127
1210
0
0
0
1162
0
0
1008
328
0
0
-295
0
0
1470
374
-328
-105
0
0
-727
0
-797
496
213
0
743
0
483
0
0
0
0
0
0
283
1127
1334
0
-256
1028
1403
-1008
0
0
0
727
0
0
0
-550
0
1445
0
-176
0
0
1162
0
-103
0
0
215
0
0
-1127
328
1127
0
0
0
0
0
0
0
0
-1258
-1008
21
-424
1468
0
0
0
0
0
0
678
496
473
0
0
0
1101
0
0
0
256
727
0
-500
325
-1197
442
0
1403
-496
67
1344
189
0
-885
-164
-1008
1008
0
255
441
687
0
0
0
0
0
654
0
0
0
496
0
281
0
562
0
-435
482
0
3
1334
0
0
1470
0
1235
0
743
0
624
0
0
0
0
55
462
0
0
650
462
0
654
0
0
0
743
0
25
0
0
0
0
213
1404
0
-325
0
0
743
802
-164
0
0
473
-7
462
896
66
0
654
0
0
0
743
0
0
0
-743
-299
1162
0
-1232
0
1294
-573
656
0
727
269
435
727
-1224
1008
-328
1162
1470
67
135
0
471
0
0
0
-459
0
0
0
69
1257
0
-853
0
0
308
0
-273
-1014
654
69
325
0
-69
1403
-833
0
0
743
-877
0
-865
-1008
0
650
1182
0
69
462
433
743
0
0
0
0
0
0
0
0
0
0
3
727
0
0
0
1334
0
0
0
0
0
-384
1008
1445
360
0
882
0
0
0
0
0
0
0
743
292
329
0
0
473
0
0
67
0
2
0
540
0
0
0
-1235
462
0
920
310
0
0
0
521
0
0
0
0
0
0
-479
1210
0
328
1014
0
0
0
0
1470
521
1470
-1258
743
0
73
0
0
0
727
540
-247
0
0
650
325
0
0
0
539
1470
1101
-839
281
0
0
0
0
0
0
473
518
0
0
0
1306
245
235
0
-716
0
0
0
21
550
0
-369
260
0
0
0
1470
0
0
0
0
0
0
-1079
0
0
0
-743
0
868
201
0
-546
-107
0
0
0
654
558
997
919
0
0
1445
0
-786
0
727
0
-325
-281
0
743
11
375
-106
539
991
0
0
0
0
0
496
0
0
0
0
1257
0
0
0
1008
0
0
-518
755
3
126
0
843
949
0
496
0
1008
698
1468
727
0
0
0
0
1095
0
0
847
496
0
0
1403
0
496
0
354
-328
0
0
0
-733
0
0
727
973
0
727
1281
0
0
0
0
-496
727
727
0
1101
0
0
0
727
0
426
517
0
-1108
-1204
1258
0
0
-258
0
0
-295
539
0
0
0
0
550
0
991
328
0
0
0
-34
0
473
159
0
-281
-336
-39
0
-483
-257
1470
1403
0
0
0
0
0
0
-114
1269
0
0
0
0
743
0
521
0
0
909
325
462
0
-521
539
256
0
743
0
0
539
-743
517
0
0
0
0
-280
-1225
0
0
0
0
0
0
462
743
0
201
0
0
66
210
1213
0
550
627
1470
-1000
0
1070
0
-1335
0
0
0
325
0
0
0
0
-419
0
1470
0
-346
496
727
0
0
-483
1269
727
1294
0
0
540
1258
0
727
-812
0
0
743
201
-187
0
1258
-496
0
0
743
727
325
462
-357
0
0
810
0
212
0
0
-261
1187
0
0
0
0
0
-382
0
0
660
0
0
-473
0
1268
199
260
0
1008
0
0
0
0
-281
0
0
0
-935
-1098
1258
-155
727
0
1095
727
-473
136
0
245
-443
727
0
-448
0
1281
0
0
-36
0
0
0
0
257
494
350
0
0
1162
1445
84
743
-292
0
0
974
539
0
0
0
0
0
-177
0
0
0
0
378
-1176
-235
660
189
504
0
0
0
0
0
0
0
0
-355
0
456
1260
660
1445
328
0
0
113
0
0
929
0
270
0
1083
727
-66
1258
496
0
1445
0
764
0
0
1225
210
-496
-473
1210
0
38
-777
0
0
0
1026
325
743
1234
0
0
143
1035
325
0
743
473
1269
1008
0
0
496
-539
1008
0
0
0
810
1371
260
0
295
551
0
0
654
-281
0
1468
65
0
0
-1109
-583
0
0
0
152
0
0
660
0
727
1469
870
0
0
539
139
743
0
0
0
0
483
-727
0
0
0
0
-937
520
0
1008
1258
0
0
431
0
0
539
0
727
0
-608
0
0
1008
-260
0
997
0
0
0
0
1258
0
176
1470
0
-387
0
743
0
0
-945
0
540
0
0
0
0
0
473
0
0
25
0
0
0
1269
-483
0
0
627
0
0
0
38
0
0
0
-541
212
914
0
0
0
-743
0
212
0
727
456
0
997
0
0
-1121
0
-743
0
0
0
1008
-1109
0
57
0
283
0
1257
0
-539
-797
0
0
0
0
0
-72
1260
0
0
189
1008
0
1470
233
-473
0
0
0
699
541
682
1008
0
0
0
0
-328
0
-1006
-1131
-131
1083
0
212
0
325
0
244
0
0
1339
743
131
0
1403
1445
1162
743
0
0
0
0
-527
0
325
0
1258
-170
1096
1269
97
810
375
0
0
0
743
-540
0
761
0
-346
0
1109
0
496
496
-174
882
0
212
539
-614
1235
660
541
-908
136
0
0
1083
727
-848
302
0
-462
0
0
727
0
0
0
69
601
0
281
1006
0
-325
0
0
-1008
1401
0
399
-240
-568
0
1294
0
1008
1223
0
0
1269
-73
0
496
0
-131
-446
-364
0
71
0
0
0
0
1109
-326
0
743
1401
0
0
600
0
256
520
0
0
0
212
0
0
0
1
0
496
0
0
0
-995
0
0
-110
0
0
1269
436
971
-496
0
-1130
-260
0
0
69
0
0
1030
388
1189
1269
-418
0
0
1470
644
245
496
0
0
-133
539
0
1258
210
0
1235
0
0
311
431
0
-462
0
0
727
540
-261
870
539
0
0
0
0
-780
0
0
1445
1235
473
0
908
881
654
0
-851
743
0
0
1269
727
1424
0
0
0
840
1470
539
0
0
0
128
0
0
0
0
0
1076
-295
0
0
-727
0
-727
0
210
328
0
0
1095
0
1353
0
1168
0
4
1281
708
727
0
0
0
0
0
0
473
38
431
22
0
0
0
-140
0
0
0
281
-931
-521
-521
0
1258
0
727
0
0
0
0
727
135
0
216
260
0
660
-35
0
0
0
0
383
0
-812
496
727
0
-838
-218
0
-281
0
743
-113
0
0
235
-439
660
0
391
473
0
0
-1258
0
843
727
235
997
-738
0
0
0
1258
0
0
1470
0
-1067
281
485
0
0
781
551
260
283
1470
1258
0
1386
0
-524
0
727
0
0
0
281
-671
0
0
41
0
0
0
0
0
0
0
891
727
0
-160
0
0
660
0
0
38
843
0
0
0
0
167
987
0
879
0
743
0
627
0
0
0
0
0
1008
0
802
0
1258
0
212
0
0
0
0
387
0
0
843
403
281
0
1014
0
743
328
0
-176
0
0
629
-1035
-236
0
708
0
1162
0
302
0
1334
0
0
-250
0
0
0
1294
0
881
0
0
727
0
0
126
0
0
164
0
0
727
632
0
0
473
1008
0
-640
473
-715
0
69
297
-937
-161
379
1093
0
1281
1095
0
25
0
0
517
0
0
0
0
0
462
0
0
0
0
0
343
974
0
0
462
0
0
384
743
121
0
0
1257
0
0
0
-1004
0
167
0
762
0
0
0
1
0
0
0
0
0
0
660
260
0
0
182
0
1162
0
0
0
0
1258
0
0
-116
171
994
743
342
0
0
0
1235
0
660
1470
0
-727
0
0
0
0
0
0
450
0
-113
323
343
1235
235
0
627
727
0
0
0
0
550
0
0
0
0
991
322
496
328
0
0
0
0
539
0
0
0
0
0
0
0
0
-106
0
0
374
0
0
212
743
0
0
0
743
0
-821
-210
374
0
0
1008
0
0
350
0
1470
539
-654
0
-106
0
212
1258
0
-806
0
0
325
0
-250
0
-305
1235
0
0
1327
842
0
0
0
0
135
0
1470
25
0
490
0
0
0
660
0
496
0
0
0
365
0
0
325
0
0
501
0
0
0
-251
1445
-64
1334
0
0
727
0
236
0
201
0
0
0
26
310
0
526
0
743
1201
-283
0
0
0
0
0
0
0
0
0
473
323
743
0
589
0
0
0
1008
0
0
1168
727
0
328
0
541
0
336
0
0
0
0
1269
1258
727
0
0
0
0
743
0
0
0
0
-660
0
-1162
0
0
1294
0
-539
1142
481
0
0
597
-1187
0
-1225
974
818
0
0
-167
38
539
0
810
0
0
0
201
743
1235
-281
473
0
-440
743
0
-310
0
0
0
0
1189
0
1258
153
0
0
-537
0
-295
1258
952
0
0
295
1235
283
0
0
0
0
-285
0
0
810
785
-1031
0
0
-368
891
0
1445
462
0
0
0
473
-1008
0
743
1470
0
0
87
1470
0
113
0
1258
539
0
0
0
1445
0
-432
0
1258
-727
0
0
0
0
1235
743
0
1014
0
0
0
564
0
-535
0
0
0
-224
0
328
0
161
0
-99
-98
727
0
0
0
0
0
0
0
0
-1008
538
-376
0
0
0
580
496
0
0
1470
0
0
0
108
481
0
0
1127
0
0
0
473
0
462
743
281
0
0
0
496
0
0
0
0
-97
0
0
0
0
0
0
0
0
0
0
1095
345
1258
0
0
-281
0
936
65
0
0
0
0
0
0
0
0
-743
0
-25
0
496
0
1225
280
0
1109
743
0
-322
0
0
0
0
0
1470
0
0
727
0
0
727
0
-169
-66
0
0
660
0
1014
0
0
0
0
0
0
167
0
0
0
0
-1127
0
0
462
0
0
-325
-219
176
1008
-1182
0
325
0
0
0
0
0
-300
0
1008
-1296
0
498
0
235
1235
0
0
0
0
0
167
0
0
0
0
0
0
0
-936
251
0
0
-838
0
0
0
810
0
-273
-539
0
0
-301
0
0
1345
727
217
1008
0
708
0
0
0
0
0
0
0
41
0
0
281
0
-661
206
0
0
167
0
36
0
0
0
-328
0
974
743
1269
0
-781
0
1008
0
0
664
654
727
727
0
473
0
113
743
0
0
0
0
0
0
496
727
0
0
0
892
1175
0
0
-318
0
941
0
1131
0
131
521
0
346
0
0
1235
0
1195
0
1258
0
0
496
0
0
0
-496
0
-1
0
0
0
0
0
281
0
485
0
201
1468
0
322
0
0
0
0
0
481
0
-429
-325
249
1139
743
94
212
1127
0
0
0
0
551
0
0
0
950
1445
-219
64
0
0
0
-792
0
0
25
0
0
0
1162
0
0
0
0
0
0
0
-94
-881
0
0
0
201
1258
0
0
0
1162
727
0
770
295
0
-325
-433
25
1067
991
1008
819
0
0
0
0
496
0
0
0
0
0
1008
627
0
212
496
0
1014
0
0
0
1470
387
0
-654
0
0
0
1083
0
727
-394
0
0
-407
0
1162
0
540
0
0
387
201
0
550
1214
0
115
0
0
0
-341
0
431
0
53
-1054
-186
212
0
0
0
1445
0
0
743
0
-119
-440
654
0
0
851
0
935
0
0
0
0
-945
0
569
1258
18
0
0
212
0
0
0
1008
-727
-859
0
0
0
0
1470
0
0
0
-325
0
0
0
989
727
0
1235
0
0
0
-350
473
-473
0
0
1162
0
0
0
727
654
0
0
13
-743
26
-707
194
-11
0
1235
256
0
0
0
0
0
0
350
1470
727
0
1235
-328
627
0
0
0
591
0
653
0
0
0
727
-860
-725
0
0
0
0
0
660
0
0
517
339
0
660
0
0
987
0
1280
0
0
1470
727
-727
0
722
-743
0
0
0
0
0
402
0
0
0
0
753
0
0
0
-210
-556
0
0
0
0
0
-325
0
0
0
-727
-743
0
-215
0
727
0
0
0
0
-32
320
0
0
727
-38
0
0
1178
0
0
0
0
0
727
496
0
1213
537
-496
0
0
727
0
-808
539
0
0
0
387
727
0
0
-326
0
0
1168
1109
0
930
343
0
0
0
-559
0
0
136
1189
0
-1257
0
325
-374
0
0
0
0
0
517
325
0
0
0
743
0
-991
327
0
1014
0
0
0
0
449
12
-166
124
215
539
0
0
0
0
-184
0
0
0
387
0
1008
462
1008
0
1258
0
496
575
823
0
0
-665
0
743
0
0
673
0
0
387
0
0
431
0
0
0
0
218
281
131
-281
1258
-328
2
0
606
1334
295
1033
0
325
0
0
350
0
0
235
0
0
499
0
0
1193
400
0
0
-813
0
0
0
727
727
0
432
0
0
1008
1210
-1184
0
0
0
-404
0
0
0
0
0
0
660
0
94
0
66
1078
0
-672
212
0
0
0
387
727
743
0
0
-496
0
558
0
0
0
0
0
387
374
0
0
0
0
456
0
0
1008
0
0
1257
387
0
0
0
403
-348
0
0
0
0
0
0
0
91
539
0
0
0
0
0
0
717
989
-288
0
0
274
0
136
375
0
0
496
0
0
1014
0
0
0
0
0
641
0
0
25
0
0
0
0
312
0
473
328
0
462
0
-614
124
-467
360
387
-1008
727
0
1344
0
0
212
0
0
375
0
0
0
1083
0
1470
0
743
592
-1213
0
281
0
1269
22
10
0
437
496
0
0
0
302
0
0
0
0
215
818
743
0
0
160
0
1109
0
-1008
-496
113
0
842
165
0
0
0
0
0
0
0
473
0
0
0
0
743
1470
0
0
539
0
0
0
0
-654
-484
-743
0
0
919
0
0
0
0
0
0
1235
0
0
0
0
0
0
0
0
0
0
0
0
212
66
672
0
0
-496
-743
0
1258
308
0
295
0
0
496
0
0
0
1269
1008
0
-1014
870
0
0
0
0
0
-437
1014
-727
0
399
-473
0
727
0
0
1189
743
-440
473
0
0
88
0
0
0
-517
1214
1470
743
1008
0
0
0
0
1269
0
0
0
0
0
0
539
708
0
0
0
0
356
0
0
540
0
0
0
0
0
0
235
0
496
0
-131
0
0
743
73
727
0
0
-1200
0
0
743
0
440
0
-539
-165
0
42
1424
0
1214
0
0
0
1258
0
0
0
-62
0
496
0
0
0
0
743
654
743
0
387
0
131
0
0
0
539
0
0
0
0
539
0
1008
0
0
-131
0
0
0
45
-822
1294
0
0
0
-350
0
0
748
657
0
0
0
0
0
539
0
536
0
239
-569
0
0
0
0
0
727
873
0
0
496
0
0
-260
0
1008
0
473
462
123
0
0
0
-975
0
-116
283
665
0
-387
1470
743
0
0
0
-1051
0
-627
0
0
0
0
-1061
0
-743
0
1235
0
673
295
0
210
0
1468
1127
0
0
895
0
0
918
727
0
533
1014
328
741
0
0
473
0
0
0
0
496
0
0
541
235
-570
325
0
1269
-738
0
0
0
0
1162
0
-17
0
771
0
0
0
0
0
928
0
0
0
0
0
0
0
0
0
136
131
-872
0
0
0
0
0
0
131
0
881
0
0
-496
0
1445
0
1445
727
325
539
386
0
0
235
0
0
0
0
-1305
0
727
0
0
0
0
-654
1237
0
384
0
0
0
0
0
1468
0
1257
1035
0
0
0
456
897
0
0
0
325
0
403
-727
0
1258
0
0
0
0
0
1257
-1442
212
0
0
0
0
-1245
245
0
1257
212
0
0
0
0
540
0
281
0
0
727
496
0
564
0
130
256
952
-295
0
0
535
694
-325
0
-989
743
325
989
866
0
0
727
0
0
727
727
0
743
0
75
208
-615
0
0
0
287
0
0
-1175
0
1269
0
109
0
1210
0
0
328
0
0
0
0
0
0
0
0
0
0
167
-403
0
771
1258
-11
572
0
77
0
727
0
0
0
-870
0
1035
0
-550
0
727
0
0
727
0
-23
1257
0
743
848
727
0
283
0
0
1008
0
53
-1008
0
0
0
0
-210
0
0
0
652
743
256
0
727
387
-210
470
-976
308
0
0
0
1201
0
0
0
0
539
644
0
-496
0
0
0
-660
0
-315
1214
0
65
0
0
0
0
1269
0
0
0
0
1023
0
35
743
0
0
1269
0
0
0
0
0
0
727
0
-4
0
506
0
0
290
1445
0
0
0
1083
0
0
276
71
727
0
0
743
0
0
-773
190
0
0
0
0
0
0
0
0
0
0
325
0
0
743
131
0
-325
0
0
0
0
0
305
1213
0
727
0
0
-727
0
496
0
0
0
0
-34
0
0
0
-350
0
727
0
517
727
0
0
0
0
0
0
1046
-727
0
283
0
1008
0
743
0
1470
0
0
0
-590
0
0
281
0
0
0
0
0
0
0
1258
-471
0
0
0
727
1127
235
1187
1127
0
228
0
496
0
210
0
0
473
328
-109
0
486
1235
0
0
0
0
403
0
94
0
0
-1170
496
0
17
1235
79
0
0
0
1214
517
0
1008
0
0
0
636
0
727
539
0
743
0
1008
0
0
0
131
0
1008
0
0
743
0
0
0
0
0
-1028
0
540
0
213
1008
-743
1341
25
727
654
201
0
708
0
1470
0
870
1470
-167
-256
0
0
1023
0
1234
870
0
0
1269
0
126
-473
472
0
-1246
0
0
0
-179
17
0
0
727
0
0
0
0
0
0
0
0
0
0
0
0
-147
0
89
0
0
743
0
942
-415
0
898
0
0
0
0
55
0
1470
0
403
0
302
1213
0
1401
-591
1008
17
1235
727
0
350
0
727
0
462
0
0
277
0
0
659
0
0
0
-375
0
0
-177
473
473
17
-554
0
-54
0
0
727
0
0
0
283
1008
225
38
0
1131
0
0
-30
-14
0
1014
-1023
0
0
0
281
0
-328
0
0
0
0
0
496
1470
0
881
496
743
0
0
0
0
328
342
0
212
0
462
0
-496
0
25
-501
0
-375
-661
0
0
0
0
0
600
0
0
-435
-167
0
0
361
462
0
0
539
1281
-496
272
0
0
17
1470
1269
0
0
0
1144
600
0
0
201
0
0
791
0
0
303
336
496
1008
-771
-627
0
0
1401
0
-870
743
0
0
0
-329
974
522
0
0
743
235
367
0
1361
0
541
0
0
-682
283
-1109
0
201
-342
0
0
0
0
0
325
0
0
37
0
0
0
683
496
0
-428
-131
0
743
0
0
1225
351
0
0
256
738
1210
727
0
441
0
-743
0
-131
484
0
0
-432
0
0
-647
0
0
325
0
1038
0
0
233
0
-467
0
0
0
0
0
727
0
843
0
-157
0
75
0
0
0
0
496
483
0
0
0
0
0
483
0
0
-496
439
1258
0
0
-5
0
0
-25
387
0
473
0
-256
0
0
0
0
0
473
0
0
73
0
473
0
0
0
0
0
-345
0
-337
409
1214
0
0
0
0
0
0
0
727
0
991
-249
0
0
0
0
0
0
0
0
212
110
0
-167
0
0
0
0
0
0
682
0
0
0
0
-277
167
153
0
0
654
0
743
0
0
0
233
365
-727
-328
0
0
0
0
727
0
0
235
0
167
-636
743
-17
0
0
-424
473
0
131
-405
0
0
0
0
-1003
0
288
539
0
0
0
-539
264
-78
-374
0
0
991
0
0
0
1075
0
-350
838
-680
627
0
496
0
0
116
1083
0
0
0
0
-17
0
0
-280
0
328
0
0
74
496
0
0
129
235
-292
0
0
870
-743
0
0
0
-387
1468
0
0
-1088
0
0
0
431
0
0
1258
0
0
0
0
0
0
571
206
46
727
1178
0
540
0
0
0
0
0
-900
1470
0
743
1174
0
0
222
456
727
0
0
189
-473
-255
473
0
-627
0
-342
0
743
0
0
0
0
201
843
0
0
0
125
0
462
727
0
295
-387
589
0
0
-727
-328
302
0
1162
727
0
-131
0
-167
1257
2
0
475
281
0
0
0
17
0
0
-554
-1222
0
989
-1237
743
0
571
105
0
743
-6
0
0
439
0
0
0
727
0
-372
517
727
0
462
-589
743
0
0
25
0
843
0
-151
0
0
1470
-708
456
0
0
387
0
101
-26
0
0
0
0
-17
0
881
-859
0
0
129
0
723
167
217
0
0
-37
633
727
496
-837
541
0
129
483
-387
-455
1470
1470
0
743
1029
0
1445
0
-720
143
0
627
0
-727
0
0
256
17
1008
991
325
0
0
0
0
0
-496
0
0
0
0
1258
775
0
0
743
-1008
0
0
0
-263
0
0
403
0
17
459
1008
0
-574
0
0
1020
870
424
0
0
0
972
0
0
0
473
0
0
1470
0
-882
0
-527
0
699
0
0
0
0
-16
0
0
129
743
0
-468
0
654
-398
473
0
0
-38
0
743
0
0
0
0
0
0
0
-645
0
-743
462
1176
0
0
0
743
0
727
0
0
496
53
0
0
-462
0
0
882
-462
727
0
0
743
0
0
-295
-171
125
-129
167
125
-362
0
0
-1008
-595
0
727
727
0
727
-120
0
0
0
-496
727
0
0
0
125
743
0
1237
0
0
743
0
0
0
748
0
0
0
0
615
0
1008
387
0
0
-743
403
-301
0
0
387
843
281
131
0
0
0
0
0
1432
0
748
1003
1214
0
0
541
1
0
-295
551
0
-343
743
0
0
325
0
-387
0
1014
498
1470
627
0
0
0
-78
0
0
152
0
1339
0
167
0
0
0
656
-1008
0
0
0
-657
0
-17
0
-125
0
705
0
0
-231
295
0
0
660
0
129
0
0
727
0
727
727
0
0
0
0
0
1176
1083
1258
-267
0
129
-63
1187
-743
328
902
0
-627
0
0
0
17
0
0
0
1269
-129
743
0
0
0
-546
281
0
0
0
0
0
743
660
0
0
-312
25
1095
519
32
0
926
0
0
0
0
473
0
0
0
1257
0
743
0
0
743
0
0
0
0
0
0
1162
0
0
0
541
0
727
1214
-237
0
0
1470
-611
-66
0
373
-365
0
-905
42
0
0
387
0
1418
0
0
209
0
0
-281
0
0
-1250
517
496
0
0
654
0
0
0
387
0
0
539
743
0
0
25
0
0
0
1296
-712
0
0
277
0
0
-385
0
-16
0
0
0
0
-14
0
0
708
0
0
0
129
0
0
0
-496
0
1008
0
-539
0
-431
1470
942
0
0
337
213
212
325
1083
0
0
0
1235
0
589
0
0
0
0
0
0
753
0
0
17
659
387
0
-539
0
0
541
-517
0
-439
-750
0
801
0
-469
727
-556
0
0
0
-129
0
0
0
0
-473
0
-451
0
743
505
727
0
175
0
0
0
743
0
727
0
0
-557
0
727
-160
1281
0
1213
0
727
0
0
743
0
1145
0
0
743
0
1237
1470
0
1083
0
-22
1131
0
0
0
0
-341
0
0
-1113
0
0
812
473
1258
0
0
0
129
517
-743
0
727
0
727
-727
0
0
0
0
0
0
0
0
0
955
-385
555
0
0
-277
0
0
0
0
1213
0
0
-101
0
328
0
129
-460
237
870
-539
0
0
0
0
0
0
727
0
0
0
0
0
0
0
328
0
0
0
0
264
0
0
473
0
-440
-727
-68
-106
-1011
342
25
0
-440
0
353
-146
727
694
1206
0
974
129
0
491
-93
0
0
456
-489
0
0
1258
0
0
-245
0
167
1470
0
1363
496
129
496
174
325
0
0
281
539
196
0
1210
1258
0
0
627
0
-381
0
0
1258
0
0
0
0
-772
0
0
0
17
-521
1470
-129
0
-460
0
283
0
0
-17
0
0
1344
0
622
0
540
0
1376
0
136
1470
-473
201
0
1258
641
0
-1040
0
0
-94
0
743
1269
1008
0
0
0
0
295
0
0
1178
-527
1008
1101
0
129
303
0
0
0
0
715
0
1445
0
0
387
0
0
0
0
0
0
539
496
0
0
1162
-380
-284
0
1083
1464
113
681
0
0
0
660
-10
88
0
0
37
929
0
0
201
496
0
-129
0
0
0
1258
-717
17
654
0
727
0
0
72
0
-601
0
0
0
0
0
0
-840
0
-181
0
0
0
345
1225
-433
285
61
1091
-1181
0
0
61
0
-760
0
0
160
0
0
881
0
338
259
295
0
-802
1131
-126
0
1399
0
1294
-907
0
666
0
0
1168
0
0
-187
881
0
0
0
1257
1258
0
281
0
727
743
1460
0
-209
-989
1213
0
0
0
-131
0
-17
0
387
0
0
1213
0
-99
17
279
-727
0
0
1470
0
951
0
0
-653
0
0
0
0
0
-519
0
21
0
0
432
0
0
881
1162
983
192
0
1372
0
21
-92
0
644
0
0
0
0
738
0
-255
387
0
0
17
25
0
0
-702
170
0
1269
1083
0
0
0
0
127
0
745
0
0
1445
0
727
0
0
-1050
0
-473
387
0
0
1258
0
539
0
387
1363
17
0
1187
0
0
1258
0
727
-496
0
0
0
0
-185
727
1176
-559
0
0
129
0
0
0
743
1068
0
0
0
0
-328
727
0
0
0
0
0
0
167
0
0
0
0
0
539
1258
0
0
0
0
1445
0
129
0
-129
0
-727
0
0
0
-17
743
-167
0
0
0
0
393
-989
0
0
0
1127
0
462
0
0
0
997
325
-876
1258
0
-996
0
496
167
0
0
6
-733
1258
539
0
0
0
0
0
-167
0
654
-1008
124
0
0
0
743
1303
-743
0
0
0
710
0
-113
0
479
0
0
-318
0
0
0
25
539
776
0
0
0
-541
727
245
0
1257
167
0
-882
727
1162
963
-129
-592
0
0
1131
0
0
0
1257
-1210
743
0
0
0
41
0
0
0
0
0
1035
0
-670
515
0
0
0
0
0
0
0
0
727
328
0
743
0
-955
1210
0
727
0
0
0
0
1008
0
1257
0
0
0
1127
0
0
62
-456
0
0
-572
0
-1005
727
131
0
0
1014
0
0
0
0
0
0
0
1470
0
0
-749
546
129
0
0
129
0
0
0
0
0
496
1321
0
0
1464
0
551
1258
0
-765
743
0
0
989
0
0
93
0
387
0
881
224
0
589
0
0
443
0
113
0
1302
483
727
0
0
1258
1008
743
0
212
727
0
-743
95
0
0
1258
1470
0
0
974
0
256
0
0
0
0
0
473
496
0
929
295
0
0
0
0
0
201
0
387
0
17
396
60
0
0
0
462
129
0
269
0
1008
0
0
0
870
0
0
-129
1049
929
0
0
-312
0
774
0
727
0
222
343
1363
-327
0
1083
136
325
1008
1225
0
1095
167
73
0
40
0
-17
0
0
0
295
30
1470
1470
0
0
0
45
-743
1258
0
0
0
0
0
-50
496
0
743
0
0
-387
743
0
1269
0
1258
1470
743
-329
-496
1008
210
743
1213
689
0
0
0
107
0
-743
35
496
281
1178
0
0
125
0
496
-238
1258
0
281
0
71
0
0
871
0
-357
1131
0
0
0
-727
89
-1246
0
551
162
1258
462
0
0
743
0
539
0
1410
682
0
125
0
791
539
-1258
0
0
0
325
318
743
-234
0
727
0
403
727
701
0
235
0
-386
0
0
0
0
0
0
1296
0
0
-328
558
627
743
133
0
0
0
974
0
627
0
0
283
0
1470
0
0
0
0
88
727
281
0
0
0
0
281
0
743
1470
361
0
-336
743
0
-627
0
1014
0
0
-541
167
0
-854
0
131
0
328
0
0
0
1008
0
0
201
-727
263
0
0
1159
0
0
0
843
0
727
0
0
0
0
0
0
654
0
0
0
-278
870
0
-105
212
387
295
761
1401
277
0
-727
1470
-953
-483
0
1269
0
235
1281
1424
743
-129
0
653
0
0
0
0
706
-780
0
0
0
0
0
0
0
727
-328
1162
0
0
0
743
743
-90
0
147
0
0
6
0
995
0
325
0
-654
-672
0
0
1213
0
0
473
1470
0
0
952
66
0
1382
-1008
373
0
0
743
0
0
462
727
0
71
0
0
0
283
262
310
0
0
0
0
-723
1159
0
-283
1213
0
1445
211
0
0
0
0
1377
0
-496
283
483
25
0
0
0
-1298
148
0
0
445
0
0
0
0
206
0
462
0
129
0
143
-167
0
0
24
0
0
0
6
0
0
0
0
206
0
89
0
1127
-342
0
-292
974
0
0
1235
328
0
0
0
1470
0
-539
496
-1448
1269
1470
496
0
-325
951
0
0
0
0
0
539
1468
1445
241
0
-539
-159
0
0
810
93
0
757
308
212
-842
-375
129
0
1344
65
0
0
169
-389
0
369
-440
-651
-125
0
0
0
570
248
0
0
306
0
0
0
473
517
0
0
-430
1258
0
743
1258
1014
-402
725
0
0
0
129
0
0
0
0
0
342
456
0
0
-743
0
0
0
-60
1083
0
-241
38
-924
1008
0
0
0
129
987
0
1269
0
0
0
0
931
0
843
1159
-756
0
0
-483
1237
0
743
1470
201
0
0
0
473
0
1210
0
0
435
212
387
0
-129
1470
0
0
0
0
0
0
0
-748
0
0
0
0
0
1008
0
727
-251
295
0
743
1127
0
-454
0
0
0
-682
1083
-43
0
73
-1127
0
830
496
0
174
0
0
0
-167
0
0
0
0
1269
0
213
343
-1176
129
0
-743
0
0
1127
473
0
0
0
0
0
88
-1127
0
131
0
0
-283
0
895
294
416
0
1014
881
541
0
0
0
1014
627
1162
0
343
0
1468
0
319
0
0
0
422
473
0
998
-541
0
71
0
0
88
-727
0
0
0
1023
0
0
517
727
-496
328
1470
1035
0
0
0
0
1176
0
743
553
319
755
0
0
0
727
-551
0
0
0
0
315
0
0
0
1470
0
447
0
0
-209
1269
0
0
1258
0
-298
0
0
-445
984
390
0
743
0
1269
0
-64
0
0
0
0
1258
-330
0
1470
0
268
0
-49
1008
0
0
727
727
815
0
1470
0
1127
0
-743
0
0
0
0
182
1235
-706
350
0
0
0
870
87
0
77
931
0
727
0
0
0
0
0
1014
0
167
0
292
0
-286
325
1445
810
0
0
0
613
-394
0
0
129
0
1258
0
0
0
0
0
-496
524
0
0
0
88
131
247
0
0
0
0
743
0
0
0
0
0
0
0
0
1008
1470
991
-496
257
0
328
0
0
339
129
-1213
870
654
649
0
-154
0
0
-1258
0
0
0
152
-1257
0
0
473
0
1076
280
0
0
0
315
0
0
0
0
0
-163
0
0
0
350
0
0
596
727
148
0
295
88
1008
0
-296
1296
0
277
0
0
727
0
0
1258
0
0
0
0
-1131
550
625
0
549
-727
0
496
-625
0
997
0
-743
550
1008
0
328
0
1008
0
0
743
1257
0
-478
325
0
0
0
0
-387
517
727
0
0
0
0
727
0
0
660
0
0
0
-71
0
496
0
0
541
0
727
743
343
0
-93
340
-473
0
0
0
-88
743
0
0
0
0
0
-167
0
1464
0
1095
0
539
481
0
0
743
0
-414
0
0
0
0
0
0
0
0
-483
632
1028
708
987
323
0
-1258
0
88
387
0
0
125
0
989
727
0
308
-539
0
743
0
867
322
462
1470
1470
0
0
-482
0
807
0
1065
0
0
99
0
0
0
479
496
-349
167
541
-167
356
645
654
0
0
1130
0
0
1014
627
0
0
0
0
0
0
0
0
0
0
0
-129
1470
557
0
483
0
0
496
653
0
0
539
0
-179
0
-1162
0
723
0
-1020
273
0
0
-240
0
0
-22
394
201
-129
-1014
0
0
0
682
339
0
1464
0
0
201
-1117
0
1470
88
0
788
727
473
0
0
1363
0
213
496
0
473
-162
0
0
0
-627
0
727
0
870
1210
281
727
0
0
1257
0
-395
-682
0
0
0
-129
129
-541
0
272
496
-129
0
-296
0
-1120
0
0
0
-706
-34
96
1213
0
473
0
-1014
115
1008
0
0
296
131
0
0
1269
129
0
-375
328
0
929
-50
0
-1258
550
0
201
0
204
0
496
0
-650
0
283
0
743
295
1464
402
-325
167
0
1296
129
-496
727
517
0
0
1
0
0
0
0
-1237
-387
-584
295
0
0
1187
0
0
0
727
0
-1235
0
727
0
0
727
0
600
463
0
727
473
0
0
0
1235
0
0
496
0
0
271
0
-296
0
0
0
743
0
804
0
0
-28
0
0
727
0
87
-758
1083
1008
0
0
0
0
0
154
0
277
0
0
462
0
1459
-394
1269
810
1176
0
134
0
0
0
0
1470
0
1213
0
0
1109
471
539
131
88
859
0
0
-387
0
0
296
0
660
1470
270
167
0
-462
456
0
0
0
0
1014
349
317
-999
708
162
1470
743
0
0
1445
816
387
0
0
0
0
0
505
0
0
0
496
496
0
129
0
-308
1445
0
0
1257
0
0
295
0
-448
0
0
-723
0
539
0
0
0
209
0
-796
-328
-517
-296
0
0
1269
328
0
174
0
0
435
0
1095
0
0
0
1154
233
833
0
0
0
0
-1031
0
497
658
810
0
0
0
0
-743
0
0
0
296
0
0
0
0
349
22
0
1014
0
0
0
-283
295
0
41
0
-496
-78
0
0
0
1258
0
38
0
0
-748
129
0
-134
868
727
0
390
1058
274
129
747
0
946
-1008
462
0
0
0
-440
0
0
0
-149
870
0
0
0
0
0
296
-256
167
0
0
-129
476
0
-1095
0
1470
0
129
0
462
0
-240
0
727
884
1445
0
0
0
0
660
0
0
0
0
0
0
0
-159
0
0
281
0
985
387
0
870
0
-660
93
190
627
-152
1382
0
0
0
1258
496
-784
0
213
295
-129
0
0
66
1008
541
0
0
-727
387
-653
0
325
496
125
974
219
0
281
-140
0
496
0
201
0
-902
-408
0
496
743
131
727
-120
0
0
0
743
178
0
0
0
1470
0
0
261
0
0
0
1258
-88
0
1269
0
0
622
859
-88
974
0
0
42
0
0
727
0
-422
57
0
0
0
540
0
1083
0
0
129
0
1258
473
-139
0
1246
0
0
262
-296
0
-379
0
0
1460
743
718
0
842
0
0
212
0
0
0
125
0
0
0
0
773
0
0
1058
-733
0
0
0
314
481
295
0
551
-727
0
0
0
551
0
0
0
1127
0
0
550
-375
0
256
0
0
0
727
0
0
1257
0
141
0
-540
260
-88
0
-540
0
0
1008
0
0
-335
0
0
-210
0
413
129
0
1296
0
0
851
-962
0
0
-129
1269
-384
0
-987
1294
-889
129
0
0
336
212
349
-1269
0
0
0
1470
0
96
-688
496
1281
296
1127
0
0
1131
439
727
1257
-473
481
-727
0
951
385
1213
0
-539
0
0
0
0
0
0
0
0
1210
0
0
1269
0
0
-172
0
-129
0
0
0
0
627
328
0
71
21
0
235
-296
-991
0
660
0
0
743
1296
-1149
0
212
0
-100
0
0
0
0
1014
1258
0
0
0
987
0
0
295
0
212
0
0
0
0
1464
-723
0
58
-727
0
66
387
0
0
0
0
285
0
0
0
-87
0
0
627
0
1159
0
0
-533
-113
0
0
212
0
0
0
-483
0
-88
0
0
0
0
0
0
0
0
-727
0
0
-295
473
0
0
1470
394
29
618
0
0
0
0
0
0
0
0
0
0
0
484
0
0
1014
708
-727
0
0
0
0
1363
0
0
743
1008
518
0
-295
0
0
727
727
0
283
1257
0
0
-881
168
-1325
451
387
-179
22
0
0
1008
619
0
0
884
1464
0
-129
0
727
306
0
0
0
-727
-1176
0
0
0
602
0
0
-167
7
0
131
-539
0
0
0
0
-387
996
-541
0
743
539
387
727
31
296
743
212
-1008
0
0
295
0
-661
0
0
-250
956
0
326
387
658
727
991
0
0
0
997
0
0
0
-297
88
92
0
0
0
627
496
125
1204
-259
0
0
1101
0
0
0
-1258
0
-129
912
0
0
0
-261
0
0
-252
0
0
929
0
0
1159
0
496
0
541
154
903
473
0
-1257
0
1168
-295
0
413
0
-609
322
0
0
0
0
483
271
0
10
0
0
843
0
0
0
496
989
0
0
0
295
682
0
0
0
0
966
0
0
-181
541
284
0
-129
0
-97
0
-38
0
547
0
0
0
462
0
0
295
277
0
322
-478
0
0
473
0
0
88
496
0
-496
0
0
87
-1008
0
0
295
-263
1258
-935
0
11
0
568
0
88
0
0
1008
0
1127
0
88
3
-376
496
289
0
0
-413
25
0
71
0
503
1269
0
-107
0
1258
0
110
168
0
481
983
0
727
1269
0
1470
-539
0
256
0
563
-1109
0
0
0
-459
1363
627
328
0
0
88
1464
1189
0
727
989
0
0
0
1210
1470
-277
0
-541
174
28
1008
283
0
1470
0
496
0
0
-679
0
1470
0
0
0
-1084
496
-529
-473
0
0
0
830
212
1448
0
0
0
461
87
1430
-49
-658
0
0
0
129
727
1314
-473
1269
0
0
-109
0
1235
1460
0
0
309
0
339
812
727
0
-394
206
66
88
0
0
0
-496
1269
1258
311
0
0
627
1008
727
387
0
0
0
0
328
355
0
-403
0
1008
727
88
0
0
0
1258
1300
-1014
0
0
0
0
0
0
0
0
-1019
1008
496
-554
0
0
0
0
1176
673
0
0
-1091
788
0
-387
-152
-1121
0
0
-710
811
0
0
349
0
-688
0
0
466
1445
1464
1258
0
1269
-727
0
0
0
496
257
0
0
22
743
0
-237
540
162
0
-25
0
212
0
0
0
0
0
1235
0
1258
-88
177
0
283
0
0
743
449
-77
0
-540
541
0
0
0
-200
743
0
870
654
282
-708
1470
-10
0
-21
1298
-327
296
0
782
997
-1176
0
0
0
0
-295
987
0
0
1445
1119
0
0
0
0
-296
1
0
1118
0
0
25
342
0
71
0
0
38
1210
0
0
0
0
0
0
0
0
0
-226
1269
0
743
0
245
743
-321
-148
0
974
0
0
989
760
0
-475
0
539
0
-754
0
636
0
-1307
743
281
0
0
0
0
7
0
0
0
0
926
440
0
727
0
0
0
0
483
0
0
0
0
161
0
1363
0
929
-76
-296
496
0
0
0
1008
0
-322
0
545
0
0
0
0
9
0
669
0
0
839
-394
0
0
0
0
0
541
0
315
0
-1119
0
0
0
496
0
256
0
496
0
0
0
-71
0
0
859
931
0
0
0
1039
291
727
-1068
89
245
0
517
0
1109
0
0
997
0
0
0
0
660
-539
0
0
0
-550
483
541
654
1280
0
551
0
0
0
0
0
0
387
0
0
-134
0
0
0
0
0
0
184
0
1121
0
0
0
0
-1371
-1008
-296
0
0
0
0
1008
0
-1235
-517
727
438
487
-987
0
539
743
0
0
-690
1188
0
88
0
1014
-131
387
0
413
551
-1015
727
0
0
0
0
129
0
0
0
387
0
0
0
743
853
1469
1401
0
-1258
295
0
0
0
0
0
764
0
727
-304
88
-1235
0
129
0
-350
0
-129
0
1280
952
0
0
0
0
0
0
113
0
1035
1269
727
0
0
0
-325
271
394
-550
-311
1213
-136
0
0
-448
257
0
0
1008
317
483
167
259
-541
296
435
550
0
1131
325
0
0
230
0
0
0
0
1185
129
0
277
0
0
0
281
0
213
-129
25
0
743
0
182
0
0
0
1258
66
0
0
-259
0
539
0
328
0
0
-989
1363
0
0
0
0
0
-38
0
0
1258
281
481
0
1445
343
0
0
-261
0
540
0
-302
0
-1032
6
0
0
987
1103
0
151
-283
0
0
743
0
0
0
658
0
0
0
0
201
654
0
0
0
0
660
456
0
1008
0
0
0
0
350
0
0
-120
1257
-784
0
-739
0
0
859
0
-1068
0
-870
0
0
0
435
0
658
0
893
0
201
727
0
0
1424
-569
0
306
727
-737
1083
-6
1269
-496
0
0
-387
-660
0
0
0
145
0
0
1470
0
0
0
0
-134
0
1008
1468
1258
0
0
0
0
141
325
456
0
0
0
727
871
0
1469
0
279
0
325
0
931
0
6
0
450
0
0
0
0
-1206
-328
0
0
974
1131
0
481
0
0
0
727
129
0
1067
-325
0
0
743
0
0
-699
1014
320
0
727
0
-870
0
743
-727
0
0
375
727
328
743
0
0
283
-944
660
0
0
0
782
0
-462
0
0
0
-328
-1017
-743
0
0
-325
1178
287
0
851
88
260
0
-441
0
1210
0
0
816
0
0
0
134
118
1470
0
0
0
1109
768
0
0
0
0
233
0
0
-1047
167
0
0
743
1213
134
727
0
0
-131
0
-181
-228
843
-295
0
0
1269
540
-88
0
0
0
-175
88
71
0
88
0
0
0
-1167
1470
0
0
0
743
0
0
0
0
0
0
0
0
1127
1213
0
0
-1377
-98
997
0
0
0
1185
0
0
0
328
-71
-635
-374
0
523
-462
0
0
0
0
572
462
0
0
0
0
0
0
0
0
0
375
0
0
0
-167
394
0
1083
0
1246
0
1238
743
0
129
0
727
0
387
0
0
-578
0
743
0
727
743
-33
0
-348
501
0
0
212
0
496
295
-129
0
0
199
0
0
0
0
974
0
0
0
345
0
743
0
-212
797
0
1258
0
0
0
129
727
-506
0
435
-743
0
359
1131
0
577
0
1225
541
0
743
0
0
0
0
440
0
-27
0
0
-870
0
0
0
743
186
0
1109
0
181
540
1286
0
0
0
406
0
0
0
0
1121
-26
0
0
0
-339
1008
168
1257
0
0
-155
0
-104
-631
167
0
1257
0
-218
129
-1143
0
0
0
174
87
0
0
660
517
0
0
0
-727
19
0
1363
496
727
496
1377
0
1363
0
0
0
206
0
1470
1210
0
0
0
-483
0
88
0
0
974
0
0
-662
951
-727
0
346
517
541
0
727
277
0
0
0
0
0
0
0
0
0
-1123
1095
283
-129
1237
667
0
0
-131
-46
0
-399
727
167
0
727
0
473
0
0
1258
1258
0
126
71
473
997
-635
256
0
727
614
0
0
-1390
-496
-1257
913
-296
0
473
743
-924
0
0
0
-281
0
1269
1269
-575
0
0
0
727
1086
0
0
0
0
277
0
0
-1096
541
-266
881
0
-316
-440
0
0
0
-129
20
0
0
0
322
0
129
0
113
0
0
0
0
-539
1008
1464
1008
0
660
0
0
0
0
0
0
-727
0
722
0
0
0
1470
0
0
0
0
636
0
0
743
0
-1008
-430
-529
-253
0
743
539
0
0
0
0
-496
0
0
0
0
0
-387
0
1401
-296
-88
-296
0
295
0
0
0
0
0
0
0
1325
727
0
-694
0
0
0
0
257
743
0
519
1185
0
0
1269
0
0
0
0
0
-743
-964
0
0
0
0
496
0
1014
387
0
0
0
74
0
481
0
-1008
0
295
611
88
627
0
1448
0
0
539
650
-541
473
1470
-88
0
769
129
0
0
0
-281
-517
0
0
-256
0
0
-539
0
0
473
1325
0
260
0
125
0
0
748
0
-394
212
0
0
-182
-71
556
539
1235
0
541
0
0
-761
0
0
0
0
0
689
0
0
403
-129
0
0
0
0
0
0
654
0
660
176
0
972
0
-1007
0
0
0
296
0
743
0
534
0
1008
0
-295
0
0
1204
1235
-1257
0
0
0
0
0
1127
0
-1029
0
0
66
0
0
0
-384
0
538
540
-88
0
60
281
708
0
0
0
1325
0
134
0
956
625
385
0
0
462
-221
-946
0
134
1131
0
0
49
0
0
0
810
0
0
949
859
0
-1114
743
517
-400
1296
0
816
0
0
727
539
0
374
878
322
1121
398
0
0
0
1127
0
213
-639
351
0
0
172
-539
0
-88
1470
0
0
1363
462
0
-440
0
627
0
-557
1468
0
0
-364
0
0
0
0
325
1014
-350
646
0
212
-450
0
0
0
0
0
1176
0
743
0
744
-578
974
-521
0
-108
0
0
0
0
381
462
2
0
708
1014
0
1210
645
0
0
407
0
0
0
168
1325
195
-42
-385
-743
0
0
0
548
-660
0
1258
0
741
0
1101
0
174
0
0
-727
743
0
0
129
0
-727
-727
325
0
325
0
-325
0
0
0
0
0
0
295
0
0
0
387
0
134
0
0
0
0
0
1
627
0
743
0
0
743
0
931
0
727
1258
0
-129
-129
627
727
0
-444
-129
185
0
539
0
0
0
723
-473
281
0
-544
-70
0
727
0
-1008
0
-246
557
0
727
0
0
0
0
1213
642
0
1083
0
0
59
-296
0
-296
496
261
0
0
473
0
0
0
0
160
727
541
-496
0
328
439
1210
-743
0
0
0
658
0
0
-292
0
0
1258
539
1210
496
394
0
0
0
727
0
0
-210
0
0
1083
1031
0
0
0
1204
0
1127
0
-991
0
-670
846
-167
0
0
1225
0
0
1470
0
0
0
0
470
0
0
0
0
0
88
0
-167
0
0
0
727
0
119
-608
-414
0
0
0
589
0
0
483
0
0
0
481
0
167
1008
0
0
743
1470
295
285
-281
743
1159
0
2
-295
0
1162
-541
0
743
0
0
213
0
0
-617
0
113
541
0
-6
0
600
473
-826
0
0
-473
-727
249
-503
0
0
328
0
0
0
0
539
0
541
1258
727
0
0
0
-923
0
-390
727
0
0
0
0
0
0
226
402
145
107
1213
0
0
193
0
223
-1188
-283
0
0
-628
0
-296
0
-98
683
0
201
0
0
95
0
838
1377
0
524
1008
0
1210
0
0
258
295
727
0
931
0
0
0
0
0
88
0
0
0
0
0
0
1131
0
1269
-775
-131
1213
0
1083
0
0
394
0
0
0
0
1257
71
0
1008
727
0
350
1162
0
0
1382
0
190
727
0
0
1469
0
-873
727
38
0
0
-539
-539
1269
0
0
0
0
0
743
0
0
71
529
0
0
0
0
931
131
0
1363
0
0
709
-912
-19
384
0
0
0
0
0
0
295
0
0
0
0
0
1325
283
0
0
0
0
0
0
0
0
0
926
743
953
0
-390
1470
0
1448
727
0
0
0
-1000
22
1341
343
0
-125
10
0
713
0
0
284
1294
0
987
-715
0
541
1008
0
0
0
-325
870
626
473
1286
-682
0
0
0
0
0
0
654
0
201
0
1213
0
1237
212
212
0
1121
0
0
1448
-551
-496
473
0
0
268
0
-951
83
0
-127
369
1298
0
0
0
-1176
0
0
0
281
1083
-473
627
-714
541
0
0
0
0
435
295
0
0
654
0
0
-743
0
0
727
1470
521
0
0
0
-271
-266
-435
524
0
0
-1104
0
0
325
0
0
1008
727
0
0
0
1028
0
653
88
129
0
0
951
0
0
0
727
0
-589
0
281
496
577
0
361
0
281
646
540
0
0
0
0
-483
0
1008
0
0
0
-161
0
184
-815
0
0
727
-278
0
550
235
-368
-173
0
0
0
0
0
0
0
0
-322
0
0
743
-743
1100
0
0
167
571
295
0
0
1448
277
0
1269
0
616
727
743
0
369
0
0
0
160
435
0
0
-782
1187
0
-870
0
129
339
328
0
-57
0
0
0
0
1014
0
0
-1351
0
0
0
0
302
0
708
989
-682
682
0
743
1325
1320
-281
0
0
71
0
129
-483
0
267
-870
-1420
0
325
71
0
-234
0
0
0
727
1083
-579
0
0
743
0
0
0
0
870
1294
283
0
991
0
0
0
0
994
0
0
0
0
-387
0
654
-320
90
743
743
-649
0
654
0
238
0
0
0
134
0
-88
0
0
0
-727
-743
0
743
0
0
300
-496
0
0
0
1028
-505
496
1210
0
0
0
0
1225
0
0
-859
0
0
0
748
0
0
0
1225
0
462
0
0
0
0
0
1083
743
0
974
0
-167
0
0
1281
0
345
0
325
0
0
0
0
-295
727
901
0
-663
-483
0
322
0
0
1470
1470
-129
1008
-743
0
0
660
0
-64
669
1401
131
0
189
0
0
1176
0
0
195
0
0
0
0
0
0
1448
0
743
584
0
0
0
0
1367
0
0
1296
-50
0
126
0
0
0
0
0
1189
0
1367
589
0
774
1298
-48
0
0
0
0
0
734
843
1363
0
743
-368
0
0
0
0
1008
0
0
0
-103
764
1257
-923
655
1460
0
0
-540
0
0
0
0
20
0
212
727
0
1008
145
0
1176
743
0
0
-483
-621
-727
-1008
0
0
1269
0
0
1083
473
0
1269
-296
481
0
129
-729
0
0
-315
539
0
-412
0
1235
0
743
1363
-115
0
0
0
743
1213
0
0
0
0
0
168
743
-1014
0
0
0
90
0
1258
1320
0
-859
0
1096
187
380
0
0
0
0
0
0
0
0
129
0
145
723
0
719
167
88
-110
882
0
462
-463
-898
201
0
1
0
374
539
88
0
201
88
259
-38
1127
743
-1007
0
0
0
0
0
88
-384
129
1269
0
0
0
129
0
0
0
0
551
0
0
0
0
1031
0
0
1159
0
6
1210
0
0
517
0
1014
1083
0
0
0
0
-155
0
124
0
398
541
-113
0
727
350
0
1258
86
0
0
0
0
0
0
0
0
-422
941
-469
0
0
743
1344
996
0
0
0
0
0
-777
654
-708
0
743
-260
0
0
743
496
295
0
0
0
0
743
0
0
557
0
0
974
0
0
348
0
496
-142
0
0
295
0
0
0
0
0
0
1269
0
0
0
0
0
0
0
0
327
-125
0
0
212
0
-539
0
1448
0
0
0
0
0
0
473
0
285
0
496
117
177
1258
0
0
129
0
0
0
-539
0
0
743
0
599
462
0
-142
-283
743
0
-726
743
0
-281
1163
-613
1121
931
0
0
0
483
0
0
1176
941
0
0
0
0
0
0
0
627
0
0
-1269
125
0
0
0
660
328
0
0
0
0
592
-736
1008
50
727
0
-125
-489
496
0
89
627
0
0
0
88
0
699
130
0
0
0
0
-125
743
859
0
403
-167
743
38
0
473
0
557
870
350
0
0
1269
0
16
-483
0
951
-258
-130
1269
0
-167
0
0
649
743
0
-73
259
374
0
277
1470
129
-387
-870
325
0
660
1258
0
296
539
0
0
0
-859
0
0
215
106
0
1470
0
0
0
212
-483
441
25
-743
74
71
727
0
0
0
0
0
727
727
0
0
1383
0
-452
0
0
0
727
131
0
212
1470
1014
0
0
-497
0
0
0
587
0
-385
-77
0
0
-204
844
0
0
0
1176
-727
0
283
326
-631
1388
129
-564
996
0
0
0
0
0
0
1258
0
0
0
0
0
-233
0
0
0
0
659
1095
682
0
-1115
1410
0
1464
-379
0
627
0
413
0
1200
1202
1120
-413
0
0
0
0
0
0
0
1008
328
0
174
496
727
727
928
0
1269
0
0
0
-727
473
654
0
1257
743
0
0
743
743
727
1339
696
989
0
0
708
0
1012
125
1213
0
0
0
1245
0
1036
627
-134
0
219
0
0
0
0
0
0
0
0
0
0
-20
294
-547
1127
0
0
0
0
281
-496
129
0
0
0
0
0
0
727
0
996
0
600
640
-541
0
0
-954
0
-88
0
540
201
0
10
0
1210
0
0
0
0
0
817
540
0
0
52
1325
727
0
0
627
0
987
1082
0
0
1187
0
859
496
0
0
1269
0
991
0
201
0
0
435
0
0
0
167
727
1258
342
0
1083
-349
0
991
0
0
131
0
0
0
0
0
0
1083
339
167
539
-285
441
1008
729
-550
0
212
0
743
0
539
0
0
614
-1237
0
0
539
-322
1014
0
131
462
743
0
0
0
0
496
0
0
0
413
723
-167
0
0
0
-325
1008
0
277
509
0
1040
727
0
-113
0
0
-1258
0
88
189
0
0
0
0
0
0
1269
743
0
0
0
0
-890
1014
0
545
0
0
-752
997
159
0
0
-329
0
235
0
727
-998
1072
-296
0
0
0
0
0
0
473
0
0
0
1470
0
0
-6
974
0
456
271
0
0
0
578
1257
1162
0
0
0
0
0
0
0
0
41
-496
1102
0
0
1035
483
0
0
0
0
0
0
0
1008
-88
0
-75
0
0
-743
0
0
517
1235
0
743
0
0
0
0
0
0
743
0
129
0
0
980
24
0
0
0
281
0
0
1028
0
0
0
0
0
882
0
0
743
357
0
-436
496
0
727
0
0
0
-295
0
0
0
0
0
0
168
0
0
0
743
0
189
539
1200
473
632
0
1269
0
-151
-473
126
-870
743
517
0
1171
0
0
0
-423
483
0
0
-654
0
1109
0
-210
1154
0
539
129
0
0
0
0
0
1113
-71
0
0
607
-198
1257
0
-727
0
743
72
12
0
0
0
0
0
0
0
0
541
129
0
0
0
0
0
0
-727
1258
-653
727
0
0
557
0
0
0
0
0
1008
763
0
658
439
281
387
0
117
-938
599
0
0
0
533
0
-463
125
0
0
0
-1062
0
973
0
1432
0
0
540
-376
374
0
0
882
0
0
0
1470
167
0
129
0
558
546
0
877
-205
812
-496
882
0
1464
129
1258
0
0
0
256
0
259
0
0
235
0
496
654
322
0
0
727
201
0
308
0
-901
0
237
0
-514
0
-591
727
0
541
-129
129
1235
0
0
0
0
230
0
0
0
145
577
0
0
0
167
1235
1469
0
0
0
-124
0
0
-125
212
0
600
-451
0
0
0
0
0
159
0
-263
-427
1269
1026
0
0
0
0
-158
281
626
-1008
989
0
-705
306
843
724
0
71
748
0
-32
0
-374
0
0
0
0
0
0
743
0
0
201
743
1258
201
462
0
-793
0
0
0
350
435
0
0
496
0
0
0
-1241
0
0
0
1257
0
1162
743
734
768
615
0
0
0
0
0
71
0
0
0
0
0
0
611
0
727
743
0
0
0
682
328
0
0
506
0
0
0
557
0
660
281
235
1296
0
627
535
0
0
-435
0
0
1296
0
0
0
212
1076
0
0
0
0
0
1008
129
496
0
0
0
0
1067
0
0
0
0
743
-194
0
1058
0
0
0
0
0
0
0
-295
0
0
394
0
-28
0
473
0
0
0
0
0
0
660
294
496
-285
-325
-539
1176
0
0
0
387
0
206
1258
0
1296
0
-129
0
805
0
0
0
0
0
-743
959
0
212
727
0
1058
0
-168
0
743
-123
281
1008
1063
0
0
0
0
-1095
394
0
0
0
0
0
0
0
0
0
-660
0
0
0
541
0
0
-125
0
-281
0
-325
182
353
417
743
0
1300
0
-432
-594
-130
1083
22
0
212
0
0
-1418
-1296
555
0
0
0
328
0
0
156
0
0
0
69
0
0
258
0
0
0
-189
194
0
0
758
306
-708
0
-609
810
0
0
1470
0
0
88
1115
0
266
0
0
0
-71
0
0
0
0
473
-93
727
0
0
0
727
-489
0
0
1182
1235
727
743
0
13
110
129
517
0
-1280
-325
0
931
-133
539
0
412
1109
743
0
0
743
870
197
742
0
0
0
1029
419
240
0
0
0
227
0
0
0
1235
0
1258
0
88
0
1258
107
-280
-346
131
743
0
0
0
0
0
0
1174
0
0
0
1237
0
1257
1351
0
0
0
166
-222
0
743
261
0
727
547
727
0
-824
50
0
0
743
0
1170
0
225
974
727
540
0
0
0
0
1008
-960
0
129
0
0
0
0
0
0
0
-266
140
0
-129
129
368
0
0
1121
0
873
727
0
0
0
19
0
0
1269
0
0
1005
0
0
0
-496
0
0
0
0
0
0
0
261
0
0
-541
843
-61
0
0
329
0
-1269
0
0
743
88
466
1470
0
1448
0
0
190
88
0
0
22
-727
627
0
0
-727
0
0
1127
797
1008
0
129
0
-342
0
0
0
1028
0
0
-540
1109
541
0
-708
0
-1258
-131
0
0
0
-15
0
798
654
0
0
496
0
1325
0
0
0
328
727
0
-328
0
0
-38
0
0
-1258
0
502
0
0
125
0
-517
0
0
0
0
0
0
-1304
1235
-263
1269
0
991
0
539
1142
387
931
145
0
0
550
0
0
0
-231
259
1235
296
0
145
0
0
0
201
387
-517
727
0
0
1345
931
-473
0
0
0
387
1008
-387
0
296
113
727
0
0
0
0
10
0
0
213
951
1210
0
1008
0
0
277
0
-498
951
0
-493
611
0
-496
0
-627
1383
1269
743
0
0
0
0
-255
1121
843
0
0
0
167
0
857
-559
0
-743
0
0
0
0
1008
102
473
-98
-125
0
496
743
0
0
1213
0
-1258
0
0
974
0
212
0
210
987
1325
1269
1448
1237
0
-1296
0
-932
0
0
0
0
0
496
-627
0
-215
0
0
0
88
-913
0
481
0
295
-547
0
-328
781
88
1470
0
0
-213
0
539
0
131
350
1377
0
0
0
0
0
88
0
0
-387
727
295
-328
0
0
727
-539
0
1210
929
727
1344
-1013
15
0
25
336
541
0
0
-77
0
727
1213
1448
0
0
0
0
708
0
0
0
-768
172
0
-725
0
1258
-743
1213
0
0
0
0
0
131
0
1225
0
0
0
0
0
0
0
0
0
0
0
1235
0
576
387
0
0
0
0
270
88
-1054
-362
308
0
881
0
0
0
0
0
0
1470
0
-540
627
-965
743
0
0
-140
0
0
0
1464
-500
0
0
0
539
-327
0
0
0
1083
0
-937
0
0
0
0
0
1375
0
0
1470
0
0
325
482
0
0
0
920
0
0
0
308
0
0
743
0
0
0
0
339
0
0
0
1470
265
0
71
0
930
0
-296
0
-376
235
0
0
1142
-328
0
0
0
0
0
0
1083
0
539
1101
743
0
-281
0
743
743
-913
413
0
0
1210
137
0
233
0
0
0
0
540
654
1335
1083
212
0
283
0
562
0
-482
0
514
125
496
0
0
131
0
0
0
0
1296
859
0
0
387
0
-1008
325
870
-937
462
1470
0
0
0
0
0
339
0
708
0
0
0
142
727
88
0
0
0
1162
442
0
0
0
0
-150
0
1257
0
0
1269
212
870
1258
0
483
0
0
0
0
540
387
0
0
0
0
743
0
0
0
0
462
1269
0
0
0
1367
-88
201
235
-199
727
0
1448
0
0
-387
0
277
0
0
-481
-374
1008
0
0
2
743
743
0
0
246
0
1325
1296
0
0
328
-415
0
1008
743
0
0
1168
0
0
-1213
952
49
1424
0
708
0
0
0
1178
959
0
0
-1099
387
539
358
0
0
129
-1131
1258
0
0
0
0
0
0
0
0
-55
-989
496
727
0
0
0
328
0
788
0
0
1175
256
1470
0
0
0
129
0
-125
0
0
0
349
-780
0
235
0
0
46
-741
1213
0
0
0
0
1229
0
600
496
727
0
-743
0
0
0
113
743
-387
0
0
0
663
0
1294
0
0
727
916
-97
0
0
0
387
316
1420
0
0
0
748
0
0
-42
541
0
387
0
0
-654
129
651
0
0
0
991
1213
167
-197
0
0
541
0
0
643
1345
1142
985
0
63
627
0
1258
308
342
1008
0
0
0
0
0
974
0
0
-425
0
0
0
-727
517
0
0
0
-1014
281
0
0
0
0
0
1235
0
-743
0
0
473
682
-33
0
1258
167
1058
0
409
0
0
654
0
743
496
1092
0
0
0
462
-743
0
0
256
1338
0
0
590
325
281
-129
0
0
0
-502
345
-743
0
55
0
1237
0
1258
0
0
1089
0
0
0
0
0
654
134
0
727
0
0
1051
212
156
0
1131
0
0
496
0
0
462
0
986
0
1296
0
0
693
0
930
0
387
0
0
-550
0
235
0
1281
-88
0
0
816
0
-431
987
1320
0
0
1235
496
0
0
0
0
0
-28
0
0
0
462
1235
931
0
0
0
0
0
0
0
1008
0
-98
0
110
0
-129
727
0
0
0
344
1470
0
-415
0
167
0
0
0
0
627
0
349
0
0
0
-974
1014
-159
0
0
0
235
-496
743
-205
0
-691
0
727
-129
0
0
0
511
0
0
-317
743
1188
0
56
0
521
727
0
0
627
73
0
0
0
0
974
0
387
150
0
743
0
0
1235
0
0
0
1127
0
328
0
-985
1470
0
1014
1342
0
0
0
727
269
0
0
727
0
0
0
0
0
1459
0
727
176
0
0
985
325
0
0
0
-277
0
0
0
0
0
0
0
0
0
0
495
1008
743
473
0
259
743
0
375
273
0
0
1210
53
496
0
0
0
0
-1120
129
0
0
436
-589
255
88
1021
0
654
342
0
0
0
0
0
113
-394
553
0
0
0
539
727
441
676
369
170
1235
-709
0
0
-743
0
0
-1051
1008
0
0
0
-13
1470
1008
0
0
0
-129
627
342
0
0
0
0
422
0
343
540
-48
0
1269
496
-686
462
252
0
541
-32
-496
634
0
714
496
0
-23
0
0
483
1226
0
206
38
-209
887
0
-564
145
0
1176
0
0
0
0
616
0
-103
727
0
0
0
0
920
88
0
237
1257
0
0
0
843
387
0
342
0
0
0
727
126
997
387
598
1159
-743
496
0
748
1235
1008
1469
0
0
0
0
0
0
0
816
743
0
743
271
0
727
126
0
50
-88
0
1464
1258
0
743
0
0
0
50
0
88
145
0
0
540
0
0
0
0
870
663
-996
-387
1190
0
1235
0
0
0
0
1127
539
285
0
354
0
0
539
0
0
0
336
0
0
-435
1235
539
0
0
-419
0
0
1083
0
1269
0
-1014
376
551
727
473
0
350
0
-843
462
145
879
0
517
0
-684
0
0
0
-483
1127
0
0
-782
0
306
0
6
0
0
0
-905
0
0
0
0
1258
0
-168
810
350
0
0
1470
743
743
0
0
0
550
0
0
0
931
0
727
0
0
0
0
540
113
435
473
-295
-540
708
-636
0
125
0
627
627
0
0
0
0
-496
131
599
0
0
0
0
126
974
0
0
0
73
129
539
0
0
-743
888
1296
0
0
0
727
277
764
0
-55
0
0
402
0
708
0
306
0
1127
627
1151
0
-743
0
-192
148
311
0
1367
840
0
-71
0
0
0
0
-167
462
743
387
669
-131
-71
0
1159
271
0
0
0
0
0
0
-94
0
512
1028
462
0
0
0
596
0
0
0
387
727
145
0
1235
0
125
0
-422
0
281
708
0
0
0
0
-541
0
0
283
0
0
0
0
-32
358
0
743
-965
0
0
0
0
0
18
1131
0
0
-161
727
661
294
-295
0
496
-540
1298
0
0
281
0
0
0
0
0
727
0
0
0
-325
210
0
793
-727
631
0
0
0
0
0
283
0
882
654
0
0
0
0
129
0
0
257
332
0
0
0
-1022
-1008
0
-182
0
0
0
0
0
0
0
394
0
1083
91
0
489
167
0
0
0
1470
0
0
0
727
1099
-533
343
0
281
664
0
519
134
1035
277
-11
0
283
0
1432
0
0
600
1269
1035
0
233
0
654
0
0
134
0
0
0
654
473
0
909
0
0
0
-76
-328
0
0
0
0
0
0
131
440
0
539
0
1185
325
0
0
0
0
-636
0
0
-541
-1053
54
929
127
-316
0
727
205
577
0
0
50
0
1083
0
658
0
-167
-744
0
0
-283
167
0
0
1162
-99
1174
265
0
1008
473
0
0
-694
1470
125
539
-224
179
0
0
0
-284
0
0
0
-617
-544
0
0
0
0
0
0
-571
0
0
0
0
0
718
557
0
0
0
0
6
339
708
1269
0
1008
0
0
0
743
1468
0
627
0
727
0
1178
0
1188
0
0
-473
0
0
0
882
0
259
0
0
0
0
0
0
1374
1
0
627
974
-727
435
718
0
0
-296
-283
-54
36
0
-154
-800
296
630
0
-88
131
0
0
0
-43
1014
1258
944
113
0
0
727
168
325
1258
0
0
387
-84
375
891
0
-659
-88
0
727
1269
0
473
281
0
-328
0
0
1168
0
540
0
0
1258
627
0
0
0
145
0
0
73
0
228
0
0
88
674
125
0
0
1162
0
-383
0
1131
0
660
906
818
0
931
0
0
0
0
0
0
0
-680
0
284
0
565
989
0
-743
129
1200
660
0
727
1325
0
0
0
1095
794
727
88
235
0
0
0
727
1008
0
0
462
0
0
0
-375
-568
712
0
708
1235
439
1269
0
0
1008
0
0
0
0
0
0
0
403
667
0
0
517
0
748
0
462
131
0
0
481
0
0
0
0
0
0
1470
0
516
232
0
281
0
0
-859
0
0
539
0
-71
0
0
-37
0
-426
-129
0
311
0
0
701
0
0
1131
0
283
0
-727
-1170
0
0
0
812
743
0
0
0
0
0
627
0
0
1470
0
-759
610
0
93
0
0
0
913
0
517
-342
727
0
131
0
0
0
0
-486
0
0
0
-226
496
0
1235
0
117
654
983
21
139
0
0
539
1008
80
0
0
1269
-455
1008
-425
-424
371
0
812
743
0
654
-667
0
0
0
564
624
0
727
0
0
974
387
0
0
1008
1258
129
1269
0
1014
1153
-132
1470
1131
870
0
-360
-699
0
0
0
-654
441
1258
0
0
1235
0
-419
0
355
0
0
0
1095
168
539
1269
0
1237
0
0
-462
342
0
441
1164
0
0
0
0
131
0
0
0
0
0
0
1296
-989
0
0
0
0
-539
0
0
0
0
882
387
769
-5
-663
0
-459
0
-847
0
-727
1176
241
0
129
0
772
0
723
0
0
349
0
0
931
0
387
-587
496
129
473
413
-385
0
0
516
0
343
0
0
368
245
0
0
0
0
654
1235
0
0
727
-635
1127
107
0
321
611
0
0
0
0
0
64
797
0
0
212
0
1109
0
-188
260
1058
0
0
129
129
0
0
0
0
0
0
0
0
0
-411
0
843
0
0
343
1083
0
201
0
0
727
0
0
0
0
1210
213
0
-253
950
1281
727
0
0
0
0
608
727
727
0
0
572
353
1014
0
-953
0
192
743
0
496
0
727
88
708
-650
743
0
0
0
-469
473
-19
727
0
-727
496
-937
0
0
743
0
0
-193
0
0
0
0
0
0
371
-846
0
0
0
-487
210
0
0
0
0
-321
1008
325
0
-129
0
743
0
473
0
0
-901
0
0
0
0
247
-727
349
0
0
-471
-23
0
1470
328
0
419
0
0
441
-812
-8
573
496
0
1339
0
-462
-473
0
0
0
0
743
0
0
0
727
1363
0
0
1269
901
727
0
0
0
0
0
-191
801
1470
-1080
525
0
1235
541
0
0
0
328
0
-355
0
0
807
0
501
0
281
0
-539
0
0
0
727
0
0
0
1363
0
1142
679
1325
0
-860
0
0
-43
296
0
296
0
0
0
0
0
642
1440
0
0
0
727
1008
473
654
0
0
0
0
-596
0
1162
-125
0
0
168
0
743
-553
0
561
0
893
-1270
0
275
0
539
-257
0
-90
1269
-328
0
259
167
627
0
708
0
168
931
0
1131
945
0
-743
-542
0
0
727
541
0
0
0
13
0
-1293
-667
-129
-88
0
1269
0
0
0
0
-1053
0
-483
0
0
743
1235
271
0
212
1470
0
0
1268
0
71
600
0
496
-88
0
0
-245
-627
-647
1448
-134
0
473
350
0
1266
174
88
539
0
1008
660
-352
0
-139
1470
0
215
1008
0
0
0
1008
0
-266
1258
88
-85
0
0
145
0
0
496
0
0
435
0
0
-20
0
-252
0
-37
0
0
328
0
0
832
-88
0
233
0
-125
-50
-295
0
0
-278
1470
682
727
71
0
-727
0
873
0
0
743
727
1028
1128
-441
539
654
113
0
0
0
129
0
58
-1008
-557
0
0
-645
-562
375
-89
0
0
-434
-328
0
-618
0
1258
-530
210
113
1102
722
812
0
0
0
0
0
473
212
1269
0
0
0
-654
0
0
-523
0
974
-636
-577
0
0
0
-570
154
406
0
0
0
630
0
541
0
0
0
0
991
0
0
-259
21
0
0
920
743
0
0
492
0
64
-987
88
-610
0
-311
125
155
-743
539
-539
-541
0
0
0
0
0
0
0
526
540
1351
-526
521
1448
-70
743
0
1257
1269
88
1176
0
131
0
1258
212
0
462
0
0
0
0
0
0
-1298
167
0
0
0
627
0
-627
0
654
0
0
1008
0
0
0
73
-347
-161
743
-129
-546
173
0
0
-145
348
0
0
0
285
201
0
0
0
0
887
0
1121
540
0
0
698
31
148
1235
0
0
0
0
0
0
727
129
0
129
0
0
1258
1175
0
0
0
0
-460
0
0
0
-30
1225
0
496
0
325
0
0
0
0
-295
-167
0
975
0
1142
0
0
0
129
387
1296
-743
0
0
0
481
0
-325
0
0
0
-15
1225
0
0
0
0
88
0
0
125
-6
201
0
533
0
159
456
0
0
125
0
468
0
727
0
1162
0
259
0
0
0
0
1058
0
0
0
-473
654
0
0
726
0
-281
0
1424
0
0
901
0
0
0
0
0
0
283
260
496
0
0
-88
0
0
221
0
0
292
0
0
627
0
0
0
0
0
0
0
0
0
241
-450
0
743
0
270
0
1258
0
1448
1470
0
136
0
0
131
0
1448
-727
0
0
0
321
0
88
0
0
1175
931
1470
1155
0
-568
628
1296
168
1129
328
257
1363
564
871
0
727
125
539
0
0
0
0
-387
870
-1286
174
0
0
0
0
727
0
0
931
0
201
0
0
0
0
0
0
0
0
0
0
0
0
788
0
0
0
0
0
1225
-517
0
0
0
713
0
0
0
0
0
0
1431
1096
0
-129
0
129
0
1464
0
0
0
1102
0
0
0
0
0
1225
0
0
0
1162
0
0
0
1176
-743
1269
-538
0
0
1269
0
0
0
-21
0
0
0
0
1258
-539
743
387
0
727
1207
1470
50
0
0
727
-296
0
126
-1131
212
641
0
0
0
1083
0
1258
-534
0
1235
0
0
653
0
1470
167
1258
0
0
201
-1044
0
434
306
0
649
0
0
0
0
0
0
473
0
-131
1035
0
-107
-255
1470
727
718
0
1162
0
201
0
1470
0
0
0
90
0
131
951
0
0
201
452
0
801
69
-21
0
588
462
-888
0
394
0
-882
496
0
0
1470
0
-727
0
0
0
0
0
0
543
0
0
71
0
0
-176
0
588
539
0
0
0
0
0
0
0
268
0
1470
0
1351
790
816
1325
-540
0
0
73
539
882
743
0
0
0
0
134
0
0
0
0
0
0
-529
1470
0
145
0
496
761
-155
189
120
38
0
496
0
441
0
1269
0
654
0
0
0
496
0
469
0
0
-387
539
0
-584
0
0
1083
277
0
483
87
0
277
277
168
-222
1008
-462
1420
0
-588
0
0
0
0
699
0
0
0
0
328
0
-683
325
0
-1014
1420
1294
-387
260
0
0
0
-548
0
0
356
0
-428
0
727
0
1127
259
896
0
0
0
0
989
325
654
727
0
0
-277
0
0
0
0
-283
0
0
0
0
627
325
0
167
0
1464
387
0
0
-2
0
743
1083
-164
0
0
0
0
0
1008
342
0
0
1008
0
105
306
0
0
0
0
-1127
441
517
727
0
71
0
22
-497
0
0
540
1159
0
0
882
-210
1325
0
-660
1325
1008
539
126
0
-239
1014
0
0
1468
1159
0
387
107
0
0
1210
0
0
0
0
0
0
496
328
0
743
0
476
1325
0
0
0
0
0
0
743
1420
-496
0
0
1008
0
0
0
0
277
441
0
654
328
0
-621
290
1083
0
225
807
1269
-1229
0
1219
0
-90
708
0
0
0
859
0
1269
904
155
0
0
0
0
52
0
991
1127
0
-156
0
0
0
0
0
473
1258
0
1269
0
0
22
-88
743
297
0
627
-1363
0
654
660
0
0
0
816
0
0
0
-171
0
1127
-401
0
0
-89
0
0
0
0
-699
25
496
0
0
0
-78
174
0
-88
0
0
0
0
-325
1296
496
0
0
0
0
0
0
551
-387
131
0
539
0
0
0
-1008
-350
22
0
0
-483
116
747
479
0
0
0
0
727
743
0
473
0
1325
-325
1079
0
0
126
113
1470
0
0
0
283
0
727
0
1258
1269
0
-228
0
723
0
0
1008
727
0
0
-727
52
-1257
0
539
0
1008
747
1015
107
0
167
863
0
539
0
0
0
1067
539
125
-197
0
0
0
870
-600
1225
0
0
0
483
1014
-727
313
0
132
989
0
0
1035
-539
0
1341
0
842
727
0
-3
1448
727
281
-727
-296
0
0
154
0
88
0
764
0
0
949
0
0
0
-1159
1127
0
0
0
651
0
0
0
30
743
0
-714
0
0
0
0
0
0
0
298
52
1014
71
0
953
0
473
0
1101
0
0
125
0
1035
1341
0
-496
0
-117
1258
595
0
0
281
0
0
-441
0
125
-539
1257
0
1264
0
0
743
727
0
938
-545
0
0
0
1269
0
1325
1448
-1325
0
0
0
991
0
496
0
805
0
-727
0
0
325
997
0
743
0
0
960
80
0
0
0
0
-743
0
743
0
0
0
1280
-478
-824
0
38
-1245
0
0
0
0
-4
-165
496
-387
723
441
52
0
361
394
0
0
129
-539
0
0
88
0
788
246
0
0
-96
1083
0
743
420
991
0
0
0
387
-561
125
743
0
1257
-870
797
870
-627
483
859
0
0
480
0
0
1014
-557
600
0
168
212
-584
1269
779
0
688
743
0
0
1390
0
0
627
0
0
0
-168
540
540
0
727
306
1470
1210
0
0
369
435
1095
0
727
0
-131
0
167
0
0
0
1258
0
0
0
0
-496
0
0
0
0
-478
541
511
0
0
1374
0
0
1035
0
0
25
0
1029
0
0
235
0
0
974
441
0
88
0
387
-540
0
-378
654
261
213
259
0
0
0
-168
0
0
-539
743
0
0
-295
0
0
0
0
-374
-295
0
0
0
1008
259
0
-496
-743
0
-100
-657
-721
328
0
1325
1175
0
0
0
129
0
1296
0
-1045
0
0
34
0
0
605
-143
0
0
541
0
-1065
701
0
0
0
0
0
0
0
0
1325
0
-742
0
0
-387
0
129
1008
0
0
-413
0
1235
1213
0
-668
0
0
532
0
0
1145
627
-260
743
539
-1071
0
737
0
0
-824
726
-284
0
0
0
0
-1008
0
0
0
233
0
0
462
517
0
0
790
682
0
0
871
496
496
0
743
0
-1236
0
-727
0
0
259
296
125
-54
549
129
0
-88
260
1014
0
1258
-743
1128
0
349
0
0
0
541
0
0
0
0
-328
-167
0
-125
-743
0
387
1083
0
356
727
-503
-105
-743
0
859
0
496
0
1142
0
0
0
384
125
501
0
-1097
1325
0
461
0
260
0
0
1159
1123
1470
743
0
882
0
-660
723
52
0
0
281
0
129
-1235
0
1008
0
0
0
-129
1213
1127
212
0
0
0
0
0
1008
550
743
145
0
1383
82
1175
-610
340
0
0
1315
0
0
-240
0
840
0
0
-427
439
0
0
1420
106
1296
0
0
727
0
0
0
0
0
0
0
0
1258
-168
1390
1296
-21
0
0
567
0
0
1448
0
0
0
0
-577
-30
387
-211
0
0
-233
0
0
1293
0
0
0
0
-496
715
1258
-496
1204
0
0
479
549
1008
-517
-394
0
-250
378
0
0
0
0
918
0
0
0
0
462
-168
-462
0
0
0
-52
1235
0
0
52
-582
0
-224
0
483
281
174
0
0
0
257
0
26
0
117
-743
0
0
1258
1162
1470
0
0
1269
714
-131
0
0
440
0
1258
0
0
-996
496
0
0
539
0
496
0
1470
0
1083
0
-387
1178
-295
0
0
-107
0
0
-328
1162
-727
1008
0
726
0
1132
0
1159
0
647
1269
0
987
0
328
-73
0
0
0
1269
743
682
1168
0
-324
-926
0
743
-317
-129
387
0
-170
654
0
1464
0
0
0
0
0
0
88
0
0
0
1039
0
0
88
-129
402
1470
-375
-259
541
350
1028
0
743
0
0
0
0
0
0
1127
-111
-242
328
0
649
0
536
517
0
0
0
0
277
0
1280
0
296
0
0
-88
0
0
0
511
0
-129
-113
0
0
435
-1131
-456
0
-1235
0
0
-1317
22
494
0
212
0
0
-677
0
-464
-473
496
0
0
0
0
0
257
387
167
328
1176
0
0
-817
0
496
0
39
-1325
0
0
131
0
0
0
0
0
46
-224
0
951
431
-815
0
0
0
296
235
646
0
0
1258
115
0
-727
177
627
0
0
-1083
1257
0
0
1237
0
727
0
0
0
0
0
0
0
0
0
718
235
0
653
0
859
-743
974
1197
0
1294
0
727
0
473
167
-198
0
-188
654
0
-13
0
0
295
727
0
2
-907
0
212
727
0
328
-373
349
441
0
287
0
0
0
0
0
129
0
1008
413
0
0
-88
0
0
723
0
727
538
0
0
0
-283
0
0
0
0
212
0
0
887
-320
1298
727
0
0
1185
0
1269
0
1239
0
0
-278
0
113
-183
539
654
1225
145
-369
0
762
0
0
94
167
-129
0
-834
0
0
-129
0
0
0
0
0
496
0
-665
113
0
62
-52
0
496
-114
539
328
496
0
439
-98
0
727
974
0
0
0
308
0
0
0
-1258
0
0
0
0
-743
0
1008
0
0
0
-1121
281
539
0
135
0
-683
485
743
573
600
815
727
0
0
0
0
0
0
212
52
-167
1448
0
0
0
283
0
0
-496
0
0
0
0
435
325
0
627
0
-56
-154
0
0
0
473
0
-708
-328
1
473
0
308
-493
0
539
0
-131
257
1008
0
0
0
0
0
-246
0
154
743
0
-540
1309
0
0
0
-1127
204
0
0
0
80
-473
-496
0
994
815
0
352
0
0
0
0
-539
951
0
-713
435
0
0
930
167
0
168
364
0
0
727
374
-801
0
1008
989
0
212
-387
0
0
-688
1325
462
723
0
0
118
0
0
-1235
0
0
0
0
112
923
473
-328
0
78
743
0
-473
0
-635
1162
0
0
0
0
283
0
0
0
0
-496
1377
0
0
1159
0
727
0
245
663
0
-708
0
311
0
486
0
0
723
0
0
515
0
0
0
0
0
1420
0
837
88
0
1258
0
0
52
0
0
743
0
0
0
0
0
991
0
1210
0
0
692
0
0
0
1008
0
0
0
0
0
0
134
0
-1239
0
0
952
0
727
0
0
1102
0
859
-52
0
727
129
0
838
1008
743
0
0
-727
0
0
347
0
-257
0
260
0
0
0
0
0
0
496
-1235
176
1296
727
-377
328
0
266
0
0
1413
0
88
0
-101
0
-148
0
550
0
0
0
743
0
0
0
0
119
0
0
126
0
1335
-129
1420
-58
-496
0
0
0
930
0
0
0
1131
0
743
0
0
0
25
129
0
0
541
0
0
0
176
324
0
-713
1235
-539
0
0
-136
600
-134
0
143
0
-1319
0
387
0
1351
0
168
727
0
0
723
699
-267
0
0
0
1269
0
0
0
0
0
632
-171
278
0
0
0
743
-708
0
0
0
-325
0
0
0
0
-857
-21
413
0
1131
-294
1178
0
387
0
1008
0
0
0
0
0
0
0
-88
0
0
-859
-991
526
354
221
0
0
-413
1131
0
201
0
0
325
0
0
84
1185
201
0
0
0
1363
167
0
-476
0
0
0
403
0
956
0
88
-360
0
0
0
0
0
-144
-88
0
0
727
-125
0
0
0
1390
0
0
0
0
-505
129
0
0
0
0
0
0
0
0
71
167
0
857
0
387
-658
168
0
0
0
0
0
0
0
743
0
462
0
682
511
-158
1269
129
1368
295
0
727
0
1269
-232
0
-539
0
1070
511
0
743
260
0
0
378
0
1363
0
296
0
-283
0
0
743
0
0
1083
0
1351
66
-743
-690
679
0
0
0
0
0
735
743
-265
260
727
0
1145
0
0
481
539
394
0
0
511
0
0
0
0
-259
0
0
0
1269
660
442
961
0
201
0
113
0
0
133
0
-89
0
0
1235
-500
1131
1142
281
0
0
989
1176
0
0
0
0
743
0
-1095
387
0
0
0
-786
0
0
0
0
0
0
245
0
1258
128
0
1235
0
743
0
-235
0
0
350
0
-328
163
1008
478
0
-192
0
0
748
0
727
-325
0
743
0
0
713
52
-1131
402
-295
0
1008
0
-496
939
0
-842
0
0
-565
672
0
748
-277
0
0
-231
743
0
0
0
0
168
0
0
0
387
0
0
129
0
-211
727
0
283
131
290
387
0
0
0
756
0
0
727
743
-369
-319
0
0
235
1237
0
0
0
129
201
1346
1269
63
0
0
0
168
174
741
1008
1420
1235
295
0
131
589
167
0
0
468
0
0
1344
0
539
0
0
0
0
1258
-10
-273
0
0
-295
0
0
0
285
1239
0
0
0
0
-75
0
0
1008
0
1257
0
0
1330
743
0
1298
0
0
1128
167
743
0
1127
201
0
0
1269
0
0
-131
0
191
-988
0
0
98
0
971
1470
0
0
1296
0
-641
52
1470
0
743
0
0
1237
0
0
0
1258
0
0
539
0
0
0
0
1008
-266
0
0
0
0
-550
0
448
0
360
-1121
-496
540
-1326
627
0
374
0
-296
0
0
1213
145
0
0
0
743
0
0
378
212
0
727
1028
0
52
1235
0
0
1470
1127
743
0
1185
88
843
0
539
0
0
699
608
0
0
-845
0
-296
-891
152
0
1269
0
1008
0
0
896
964
0
0
0
0
0
394
0
1121
0
0
482
0
0
0
212
1269
0
342
0
0
0
0
71
0
0
0
277
1258
999
770
0
1061
30
-727
0
0
0
129
0
557
0
1225
235
-867
88
0
473
0
-539
0
989
1014
0
0
517
0
0
-277
0
0
473
0
0
-684
164
46
723
435
660
462
0
0
0
0
0
-14
213
0
0
600
788
-496
342
0
0
-589
-1176
0
1257
0
0
0
-295
0
346
0
0
0
349
0
0
0
0
-996
0
0
-113
103
0
0
0
541
0
182
727
-473
0
658
1028
0
0
0
0
302
727
543
0
0
1097
0
0
1144
212
-71
539
0
-1284
1280
0
69
0
113
0
328
1176
0
-146
-708
0
0
1269
0
0
-1144
-442
496
0
0
0
0
0
796
416
496
0
0
73
52
0
0
478
-295
0
727
1014
387
0
959
1269
0
131
0
0
600
0
0
0
1269
0
223
727
0
539
0
307
107
1255
0
0
787
52
0
129
285
0
-496
124
0
0
235
-884
0
0
0
129
-258
0
0
-1109
1070
0
494
-472
0
0
-133
378
0
-727
1083
0
-496
0
0
375
989
-80
131
0
1008
1440
235
0
1008
727
0
743
0
438
52
1258
407
0
0
339
473
0
462
0
0
687
-325
0
168
0
0
129
0
1187
4
-1257
0
0
10
-1113
0
0
0
0
387
743
0
0
-706
0
50
0
0
-480
0
0
0
-288
0
1008
1470
0
0
923
0
0
-641
0
-496
859
1419
0
727
1176
1257
-238
541
328
0
0
0
0
0
-850
0
579
1420
0
-167
394
-1131
0
-71
-1133
0
0
0
0
1014
0
-952
-743
129
1225
0
0
0
441
0
0
743
0
0
0
727
1269
0
496
743
1083
-2
0
0
0
0
0
0
212
1069
1258
0
394
577
-1351
0
843
0
0
730
0
0
0
0
0
0
816
0
1035
-431
1363
1008
-528
0
0
0
1269
-541
726
88
174
0
539
0
-727
496
0
-592
1014
0
0
0
256
0
0
627
0
0
1424
727
0
0
0
540
0
951
-496
1363
0
-238
-131
-743
0
-881
0
0
-208
1470
1239
201
0
52
0
1159
0
0
311
-513
0
0
0
325
1235
-1037
0
496
1109
129
0
0
0
-420
0
1258
0
1257
743
-600
295
479
0
-439
0
1269
0
593
-748
710
743
0
0
0
0
0
541
0
0
0
511
0
0
727
496
-152
-540
0
0
0
71
0
743
0
-387
0
0
0
0
0
0
0
0
521
0
-1134
0
0
387
235
0
257
0
-256
-113
0
0
0
0
0
0
0
296
730
-650
0
10
0
0
0
0
0
611
743
0
743
0
0
727
0
0
0
256
473
727
473
727
1363
0
-134
0
0
0
212
176
0
0
743
1361
0
1258
473
-125
-167
113
0
0
570
0
0
0
0
0
0
-295
0
257
0
0
499
0
0
882
122
-128
0
0
0
1470
0
0
-435
1210
-295
0
-394
0
0
0
0
0
0
0
0
0
0
-351
1298
462
0
325
235
708
0
-539
0
387
0
0
362
107
0
-341
600
1176
-496
0
206
-743
660
0
-186
1159
1235
1363
279
1008
210
-433
0
0
0
0
1213
734
-73
0
946
727
0
0
-206
936
0
0
0
0
473
743
0
0
1269
212
0
0
727
517
0
0
1257
0
951
125
1103
0
-440
0
628
0
1269
0
0
0
0
1225
0
758
0
0
0
387
-473
0
0
-40
0
0
0
-87
0
1258
0
838
0
743
1411
0
0
0
0
0
-145
0
-281
0
-1083
0
0
0
0
0
0
1185
0
0
0
0
0
-535
1448
0
0
0
1008
310
-373
0
0
-129
314
292
0
0
-474
0
0
0
0
0
0
-473
727
0
1035
-18
295
0
1470
0
0
0
483
743
0
987
-296
0
1162
0
313
0
0
73
88
1171
0
0
296
103
164
654
756
0
0
0
0
0
0
0
-154
0
0
881
-1054
1363
0
0
0
21
0
0
-614
630
435
662
0
-387
0
654
0
0
0
0
997
539
0
0
-321
0
0
1363
0
0
-463
-1258
285
0
339
0
0
0
0
0
0
0
0
0
727
0
0
743
995
727
1078
0
727
350
339
0
727
0
1269
0
1145
974
727
0
654
0
-997
660
-435
0
0
0
0
71
0
1431
810
462
0
-1008
1008
0
0
654
903
0
0
539
727
22
0
-387
0
-394
-290
0
0
0
0
0
0
168
0
-227
989
-745
0
723
0
0
0
287
1008
-1226
727
0
-241
0
-469
446
541
0
0
0
387
1269
462
0
1393
-171
0
0
-413
-387
0
1269
1035
52
0
743
-281
0
727
0
0
-540
0
336
627
0
0
0
-129
1008
483
0
0
0
0
1053
473
1053
0
0
0
1109
1464
676
210
142
0
0
281
-627
727
0
0
0
0
38
1174
0
462
0
462
480
0
0
1008
743
-462
880
-541
0
462
0
0
-277
0
-295
-85
0
0
0
600
-259
131
342
0
0
0
250
706
0
0
0
212
0
974
1235
0
0
0
117
743
1257
0
0
0
-1237
0
174
0
-496
0
-727
0
-129
0
0
0
1204
727
281
1083
0
308
0
-473
743
-1076
145
0
0
116
0
0
0
743
0
473
0
88
0
325
1269
133
682
593
0
0
0
387
-213
822
654
0
1258
-132
1188
-263
0
0
0
723
-296
654
0
0
0
0
0
654
743
1237
-727
0
743
0
0
1258
-41
0
857
0
627
462
0
1121
0
322
0
375
0
0
1325
0
-743
0
-585
-350
727
0
0
989
0
0
88
0
0
-104
743
483
0
743
-137
0
473
0
0
0
0
0
131
0
743
0
727
375
0
217
328
1257
0
727
0
-669
727
11
52
0
951
1092
0
0
0
0
0
0
1235
0
0
394
0
0
0
0
496
1470
0
0
0
0
-430
0
212
-483
0
792
0
1180
0
63
-19
0
0
0
0
1008
0
0
0
0
0
539
0
0
0
172
1159
-281
727
0
0
0
0
496
0
-2
442
250
751
52
0
0
0
0
0
90
0
0
625
496
0
0
0
654
0
0
-435
1008
0
1014
0
727
0
328
496
-496
727
0
0
0
0
0
0
113
-616
0
1420
-882
1390
929
-517
0
539
413
983
0
0
682
0
1470
1470
0
361
0
0
375
0
0
-478
0
743
0
912
0
727
-52
626
-131
0
0
539
708
0
-723
816
0
378
-288
0
0
727
0
-422
743
0
0
-786
0
-541
-201
208
1269
-167
0
0
0
770
-90
0
0
743
0
88
0
-391
0
0
0
0
0
502
743
0
0
-131
-129
0
0
-902
442
0
0
1464
0
0
0
0
510
539
1083
0
473
-129
281
0
0
197
0
660
1076
0
243
135
-828
0
1159
-167
0
0
-1015
0
0
0
1258
0
0
1258
0
561
0
0
0
107
-44
0
306
0
0
11
294
511
0
0
0
0
212
0
1235
0
0
-52
0
-325
485
52
1470
213
0
0
-627
38
279
0
743
0
0
-1251
1468
1127
-21
0
0
1269
-239
-387
0
68
0
0
0
1159
627
870
-641
559
0
0
496
1269
272
0
0
283
0
212
0
0
190
0
1325
0
-743
1127
0
0
597
517
0
295
0
0
-210
466
974
402
0
296
1008
0
-687
1131
0
0
0
0
0
0
0
660
0
228
0
0
0
0
1243
0
-743
323
-306
0
0
0
0
0
579
882
-580
0
607
-387
0
0
0
0
296
1258
0
-743
261
-38
0
743
0
0
0
0
923
387
0
0
1142
0
0
0
0
0
0
0
71
0
0
131
606
1235
259
-65
0
743
0
0
1269
-167
0
100
0
0
1162
0
767
-1109
0
473
387
328
0
0
1344
1257
-109
-989
1258
743
311
1008
0
417
131
727
-185
324
0
0
870
394
0
974
660
0
0
0
992
1470
0
129
-655
0
1162
0
0
365
0
930
0
770
0
0
0
0
541
0
209
-39
-439
0
0
0
413
-46
0
-154
143
462
0
0
1225
0
1127
743
0
1258
0
0
212
0
88
0
-328
997
1008
88
1470
0
1470
1083
0
0
483
929
285
987
0
-435
0
-1131
1257
-743
-295
0
580
0
1269
0
0
989
0
0
0
-134
131
727
325
0
50
1470
708
-328
-167
1258
-439
0
114
0
0
0
167
0
0
1008
394
0
0
0
0
737
0
-1120
0
660
0
0
0
336
0
0
184
0
38
0
0
0
0
0
496
0
233
743
0
496
-103
462
0
743
233
0
0
285
0
0
-1017
0
0
325
201
237
0
0
308
-71
0
0
0
0
0
0
0
0
387
0
0
0
0
-111
803
167
0
0
1258
0
-134
539
1269
0
394
119
0
-483
0
452
0
288
0
1280
-654
0
0
-387
0
0
0
0
71
-129
0
0
261
0
328
1296
1008
0
-650
0
0
125
0
0
1035
